username,iteration,phase,time,gaze_x,gaze_y,speed,matrix_x,matrix_y
0903-6-hyf,36.0,word,1693733948.0509248,119.2500684836102,131.6104572372564,17.029386365926403,14.0,0.0
0903-6-hyf,36.0,word,1693733948.0759244,197.52261910366104,152.84870394573252,85.90692637965812,14.0,0.0
0903-6-hyf,36.0,word,1693733948.1072805,325.107988321682,184.98786303781517,139.6352391053204,14.0,0.0
0903-6-hyf,36.0,word,1693733948.1400216,444.78202358392247,217.00629553330984,130.8166656049603,14.0,0.0
0903-6-hyf,36.0,word,1693733948.1713097,526.0681508392788,236.27363257468704,88.45903006477066,14.0,0.0
0903-6-hyf,36.0,word,1693733948.1874118,574.8341732079657,249.35287680806414,53.150729063673246,14.0,0.0
0903-6-hyf,36.0,word,1693733948.219663,600.5150953273653,261.8192125884746,29.154759474226505,14.0,0.0
0903-6-hyf,36.0,word,1693733948.25108,602.6227275473976,266.15207091803217,4.47213595499958,14.0,0.0
0903-6-hyf,36.0,word,1693733948.2833889,579.7686209132709,268.73162056167905,25.179356624028344,14.0,0.0
0903-6-hyf,36.0,word,1693733948.315725,563.418761437796,271.47940751035566,18.24828759089466,14.0,0.0
0903-6-hyf,36.0,word,1693733948.3478508,554.378026387192,273.35787858798557,10.198039027185567,14.0,0.0
0903-6-hyf,36.0,word,1693733948.379421,548.0282637758149,274.2454118463515,7.071067811865476,14.0,0.0
0903-6-hyf,36.0,word,1693733948.4115734,543.5923719820624,276.24626311764007,5.385164807134504,14.0,0.0
0903-6-hyf,36.0,word,1693733948.427647,540.0020865173684,277.20773699801333,4.123105625617661,14.0,0.0
0903-6-hyf,36.0,word,1693733948.4591272,534.5832239880466,278.1176712627332,6.082762530298219,14.0,0.0
0903-6-hyf,36.0,word,1693733948.4915912,528.2542369251779,279.00135953510016,7.071067811865476,14.0,0.0
0903-6-hyf,36.0,word,1693733948.524016,521.0172332180211,279.8587245871773,8.06225774829855,14.0,0.0
0903-6-hyf,36.0,word,1693733948.5552225,513.8671918831445,281.77516219607253,8.246211251235321,14.0,0.0
0903-6-hyf,36.0,word,1693733948.5873976,507.7195470822584,284.7731842566478,7.615773105863909,14.0,0.0
0903-6-hyf,36.0,word,1693733948.6198127,491.12037485964316,406.335430479446,121.51131634543344,14.0,0.0
0903-6-hyf,36.0,word,1693733948.699736,524.7917085994507,462.78587974941183,64.1404708432983,14.0,0.0
0903-6-hyf,36.0,word,1693733948.7317598,530.6353026547047,469.9670748045776,9.219544457292889,14.0,0.0
0903-6-hyf,36.0,word,1693733948.7637556,533.7384382361176,452.1283224395851,18.68154169226941,14.0,0.0
0903-6-hyf,36.0,word,1693733948.795104,537.5326218007264,431.1775434201391,21.840329667841555,14.0,0.0
0903-6-hyf,36.0,word,1693733948.8271086,541.2977027395902,396.84196332803447,34.713109915419565,14.0,0.0
0903-6-hyf,36.0,word,1693733948.859228,544.4245862184495,365.16577554711307,31.575306807693888,14.0,0.0
0903-6-hyf,36.0,word,1693733948.8914397,555.5747044943936,343.7886880662686,25.238858928247925,14.0,0.0
0903-6-hyf,36.0,word,1693733948.9235842,622.6403034134543,324.948153016387,77.62087348130012,14.0,0.0
0903-6-hyf,36.0,word,1693733948.9554696,732.2828982097069,305.99845605709993,121.82364302548172,14.0,0.0
0903-6-hyf,36.0,word,1693733948.9716249,812.0859794962576,293.33723959200785,87.13208364316786,14.0,0.0
0903-6-hyf,36.0,word,1693733949.0040548,858.855175393185,281.74237456688,51.419840528729765,14.0,0.0
0903-6-hyf,36.0,word,1693733949.0351567,885.3333304453462,282.4715129777202,28.0,14.0,0.0
0903-6-hyf,36.0,word,1693733949.067449,900.521211233837,285.04946401874275,16.1245154965971,14.0,0.0
0903-6-hyf,36.0,word,1693733949.0997632,909.9661141798672,282.0689397439836,10.44030650891055,14.0,0.0
0903-6-hyf,36.0,word,1693733949.1312406,904.259285920559,280.83108989641096,6.082762530298219,14.0,0.0
0903-6-hyf,36.0,word,1693733949.163345,897.6050659064318,279.56749007221833,7.071067811865476,14.0,0.0
0903-6-hyf,36.0,word,1693733949.1955724,893.7816202768008,277.29997824383116,4.47213595499958,14.0,0.0
0903-6-hyf,36.0,word,1693733949.227545,891.8694083516908,276.16593226055187,2.23606797749979,14.0,0.0
0903-6-hyf,36.0,word,1693733949.2436235,889.9568702418085,275.03169283190914,2.23606797749979,14.0,0.0
0903-6-hyf,36.0,word,1693733949.2755427,888.0440058636855,273.8972599084017,2.23606797749979,14.0,0.0
0903-6-hyf,36.0,word,1693733949.3077042,887.0956785413717,273.8715261075464,1.0,14.0,0.0
0903-6-hyf,36.0,word,1693733949.33931,886.147434684801,273.8457945716167,1.0,14.0,0.0
0903-6-hyf,36.0,word,1693733949.371456,885.1992742829549,273.82006530031356,1.0,14.0,0.0
0903-6-hyf,36.0,word,1693733949.4037397,891.8225127410666,272.9167972857088,7.071067811865476,14.0,0.0
0903-6-hyf,36.0,word,1693733949.4359417,911.7427613396472,271.2872249430224,21.095023109728988,14.0,0.0
0903-6-hyf,36.0,word,1693733949.4672775,936.4879898705776,270.868604586757,26.019223662515376,14.0,0.0
0903-6-hyf,36.0,word,1693733949.499507,960.3393127936697,269.3347505788608,25.079872407968907,14.0,0.0
0903-6-hyf,36.0,word,1693733949.515416,979.4706109153908,268.75844859662215,20.024984394500787,14.0,0.0
0903-6-hyf,36.0,word,1693733949.5477192,993.8482809042303,266.9615984166786,15.132745950421556,14.0,0.0
0903-6-hyf,36.0,word,1693733949.5791438,1004.4086153694076,266.1513080286465,11.04536101718726,14.0,0.0
0903-6-hyf,36.0,word,1693733949.611277,1011.1430455856505,264.14469585625477,7.280109889280518,14.0,0.0
0903-6-hyf,36.0,word,1693733949.6432347,1016.9181363878431,263.20407201042394,6.082762530298219,14.0,0.0
0903-6-hyf,36.0,word,1693733949.6753037,1037.1373706218235,263.7395052185271,21.0,14.0,0.0
0903-6-hyf,36.0,word,1693733949.7076604,1060.2913016917157,264.3526532462658,24.0,14.0,0.0
0903-6-hyf,36.0,word,1693733949.7397852,1079.5898299247533,267.05734232661047,20.09975124224178,14.0,0.0
0903-6-hyf,36.0,word,1693733949.7711377,1093.1384530124053,267.41749564286397,14.0,14.0,0.0
0903-6-hyf,36.0,word,1693733949.787141,1103.795652419369,267.70078832017595,11.0,14.0,0.0
0903-6-hyf,36.0,word,1693733949.819732,1110.5603949787298,268.9784172356686,7.071067811865476,14.0,0.0
0903-6-hyf,36.0,word,1693733949.8516724,1116.3568480449912,270.2305084762406,6.082762530298219,14.0,0.0
0903-6-hyf,36.0,word,1693733949.8832889,1121.1839701137735,271.4568876667263,5.0990195135927845,14.0,0.0
0903-6-hyf,36.0,word,1693733949.915199,1122.1543660287136,271.4828297495256,1.0,14.0,0.0
0903-6-hyf,36.0,word,1693733949.9477272,1118.2494060864465,272.4754826237697,4.123105625617661,14.0,0.0
0903-6-hyf,36.0,word,1693733949.979854,1115.31665499647,273.49344830545056,3.1622776601683795,14.0,0.0
0903-6-hyf,36.0,word,1693733950.012082,1113.3778436494688,273.44142179482355,2.0,14.0,0.0
0903-6-hyf,36.0,word,1693733950.0279648,1092.0544125526044,273.9641870152094,22.02271554554524,14.0,0.0
0903-6-hyf,36.0,word,1693733950.0592296,1037.993449861849,275.7852244819739,56.08029957123981,14.0,0.0
0903-6-hyf,36.0,word,1693733950.091355,979.4741732947258,277.465330116401,61.07372593840988,14.0,0.0
0903-6-hyf,36.0,word,1693733950.1236975,933.7040565937175,280.55613224101404,48.16637831516918,14.0,0.0
0903-6-hyf,36.0,word,1693733950.1557808,901.4132438504324,280.7530026984829,34.0147027033899,14.0,0.0
0903-6-hyf,36.0,word,1693733950.187755,880.5827585561658,281.2612721819718,22.02271554554524,14.0,0.0
0903-6-hyf,36.0,word,1693733950.219317,867.3589108767464,281.9765449675169,14.0356688476182,14.0,0.0
0903-6-hyf,36.0,word,1693733950.2516632,879.6007925994946,279.0744074826259,13.341664064126334,14.0,0.0
0903-6-hyf,36.0,word,1693733950.2831163,892.8332831099963,277.2741013149621,14.142135623730953,14.0,0.0
0903-6-hyf,36.0,word,1693733950.31531,899.4590851510334,276.3726480117665,7.071067811865476,14.0,0.0
0903-6-hyf,36.0,word,1693733950.3314438,903.255928429244,276.476060493121,4.0,14.0,0.0
0903-6-hyf,36.0,word,1693733950.363717,905.1548515969483,276.52778039365023,2.0,14.0,0.0
0903-6-hyf,36.0,word,1693733950.3959188,907.991023858127,275.52197333789115,3.1622776601683795,14.0,0.0
0903-6-hyf,36.0,word,1693733950.4273217,912.7418714437188,275.6511309356172,5.0,14.0,0.0
0903-6-hyf,36.0,word,1693733950.4599516,916.544056675278,275.7544979878685,4.0,14.0,0.0
0903-6-hyf,36.0,word,1693733950.4918842,921.2881313216436,274.79937216860293,5.0990195135927845,14.0,0.0
0903-6-hyf,36.0,word,1693733950.5238504,926.0456674002196,274.92847262065914,5.0,14.0,0.0
0903-6-hyf,36.0,word,1693733950.555502,922.2394707655665,274.82518770636045,4.0,14.0,0.0
0903-6-hyf,36.0,word,1693733950.5714765,918.4456519222686,275.8061951786379,4.123105625617661,14.0,0.0
0903-6-hyf,36.0,word,1693733950.603085,910.8659709851431,277.7661526631485,8.246211251235321,14.0,0.0
0903-6-hyf,36.0,word,1693733950.6351223,900.4505975719694,279.6454205778539,11.180339887498947,14.0,0.0
0903-6-hyf,36.0,word,1693733950.667496,889.12124406824,282.57582210779196,12.36931687685298,14.0,0.0
0903-6-hyf,36.0,word,1693733950.6996214,878.7434223891177,284.447579846668,11.180339887498947,14.0,0.0
0903-6-hyf,36.0,word,1693733950.7317631,887.2435254788172,283.6034957433642,9.055385138137416,14.0,0.0
0903-6-hyf,36.0,word,1693733950.7639134,892.9259151101782,283.7602583802775,6.0,14.0,0.0
0903-6-hyf,36.0,word,1693733950.7952397,897.6489213389042,282.8106518019697,5.0990195135927845,14.0,0.0
0903-6-hyf,36.0,word,1693733950.8273828,904.2862267485855,282.9934256511727,7.0,14.0,0.0
0903-6-hyf,36.0,word,1693733950.8595,912.8139194163899,282.14721807073164,9.055385138137416,14.0,0.0
0903-6-hyf,36.0,word,1693733950.8760138,922.3016809154317,281.3261212537645,10.04987562112089,14.0,0.0
0903-6-hyf,36.0,word,1693733950.9071662,931.801095978429,280.50401590551513,10.04987562112089,14.0,0.0
0903-6-hyf,36.0,word,1693733950.9393923,939.4149514941494,280.7125363789867,8.0,14.0,0.0
0903-6-hyf,36.0,word,1693733950.9715378,946.0752382696819,279.8111068346628,7.071067811865476,14.0,0.0
0903-6-hyf,36.0,word,1693733951.0035825,949.8871925941736,279.91531351814245,4.0,14.0,0.0
0903-6-hyf,36.0,word,1693733951.0836406,1000.9245568672114,459.7302855779957,177.41758650145144,14.0,0.0
0903-6-hyf,36.0,word,1693733951.1151505,1064.385010117412,529.1261103467924,95.4829827770373,14.0,0.0
0903-6-hyf,36.0,word,1693733951.1475308,1082.4384469527927,388.6516740563013,138.0507153186828,14.0,0.0
0903-6-hyf,36.0,word,1693733951.1797683,1096.9550996568753,374.3089483175119,20.518284528683196,14.0,0.0
0903-6-hyf,36.0,word,1693733951.211655,1105.934739857889,354.3703550048878,21.02379604162864,14.0,0.0
0903-6-hyf,36.0,word,1693733951.2438023,1113.8833449878748,340.6961979042314,15.264337522473747,14.0,0.0
0903-6-hyf,36.0,word,1693733951.275873,1119.902001049255,329.0482171828384,12.529964086141668,14.0,0.0
0903-6-hyf,36.0,word,1693733951.307542,1123.9701976136762,319.45492744391976,9.848857801796104,14.0,0.0
0903-6-hyf,36.0,word,1693733951.3391347,1128.001685091701,311.9948273343565,8.06225774829855,14.0,0.0
0903-6-hyf,36.0,word,1693733951.371134,1130.0862440428086,305.54480255604994,6.324555320336759,14.0,0.0
0903-6-hyf,36.0,word,1693733951.4032826,1124.3916073674964,301.03758326477634,7.211102550927978,14.0,0.0
0903-6-hyf,36.0,word,1693733951.419611,1118.6681696668763,297.6141215620771,6.708203932499369,14.0,0.0
0903-6-hyf,36.0,word,1693733951.4516847,1115.8170305489355,295.35772722492203,3.605551275463989,14.0,0.0
0903-6-hyf,36.0,word,1693733951.483694,1112.9417789191543,294.1888935007333,3.1622776601683795,14.0,0.0
0903-6-hyf,36.0,word,1693733951.515982,1111.0323253755048,293.04675805317527,2.23606797749979,14.0,0.0
0903-6-hyf,36.0,word,1693733951.5474436,1109.1003361998485,292.9931692672421,2.0,14.0,0.0
0903-6-hyf,36.0,word,1693733951.5791216,1118.7637124556109,293.2612083474229,10.0,14.0,0.0
0903-6-hyf,36.0,word,1693733951.6111572,1144.840741710359,296.1656791521562,27.073972741361768,14.0,0.0
0903-6-hyf,36.0,word,1693733951.6430955,1178.765198368634,298.2017621045963,35.0142828000232,14.0,0.0
0903-6-hyf,36.0,word,1693733951.6600957,1210.794677935035,301.2804638758677,33.06055050963308,14.0,0.0
0903-6-hyf,36.0,word,1693733951.6920035,1237.0377007799852,304.2015211082385,27.073972741361768,14.0,0.0
0903-6-hyf,36.0,word,1693733951.7233944,1256.6255343020407,303.65761519111624,20.024984394500787,14.0,0.0
0903-6-hyf,36.0,word,1693733951.7555935,1269.3472404956462,304.0143000118142,13.0,14.0,0.0
0903-6-hyf,36.0,word,1693733951.7877264,1287.967091744515,304.53635406675403,19.0,14.0,0.0
0903-6-hyf,36.0,word,1693733951.8193398,1303.6715083176618,304.9766666258017,16.0,14.0,0.0
0903-6-hyf,36.0,word,1693733951.8519204,1317.4904345064224,304.26661804761466,14.0356688476182,14.0,0.0
0903-6-hyf,36.0,word,1693733951.8832507,1314.501903954016,359.6662940299065,51.0,14.0,0.0
0903-6-hyf,36.0,word,1693733951.9950376,835.4113016594381,518.281575977592,534.4249245684562,14.0,0.0
0903-6-hyf,36.0,word,1693733952.027196,741.42670648564,488.7588098812015,106.23088063270492,14.0,0.0
0903-6-hyf,36.0,word,1693733952.0595827,679.3343786341574,450.31022493825907,76.05918747922567,14.0,0.0
0903-6-hyf,36.0,word,1693733952.0912013,638.2079012197867,422.52666209528286,51.10772935672255,14.0,0.0
0903-6-hyf,36.0,word,1693733952.123921,610.0331969690868,403.2251572388464,34.9857113690718,14.0,0.0
0903-6-hyf,36.0,word,1693733952.1555965,591.1301724309964,389.29306279613206,23.853720883753127,14.0,0.0
0903-6-hyf,36.0,word,1693733952.1870875,578.8466995795402,380.68069791674793,15.264337522473747,14.0,0.0
0903-6-hyf,36.0,word,1693733952.204056,573.0812024932033,375.35317347108787,7.810249675906654,14.0,0.0
0903-6-hyf,36.0,word,1693733952.2351673,562.9275729192196,371.93841528655594,11.40175425099138,14.0,0.0
0903-6-hyf,36.0,word,1693733952.2671645,554.6521176440195,369.61347535657717,9.219544457292889,14.0,0.0
0903-6-hyf,36.0,word,1693733952.299707,549.990577153712,367.4042947805716,5.385164807134504,14.0,0.0
0903-6-hyf,36.0,word,1693733952.3318455,573.3000111111788,365.054118351832,26.1725046566048,14.0,0.0
0903-6-hyf,36.0,word,1693733952.363414,592.143996984296,362.5524710285012,21.213203435596427,14.0,0.0
0903-6-hyf,36.0,word,1693733952.395368,614.6816931196036,360.1586277076174,25.179356624028344,14.0,0.0
0903-6-hyf,36.0,word,1693733952.4276712,638.2033074532512,357.78588613069604,26.1725046566048,14.0,0.0
0903-6-hyf,36.0,word,1693733952.4597473,660.9402720190493,356.4192708686188,25.079872407968907,14.0,0.0
0903-6-hyf,36.0,word,1693733952.4758267,678.187236730708,353.83322267285615,19.235384061671343,14.0,0.0
0903-6-hyf,36.0,word,1693733952.5071616,691.9028249409527,353.21712965714926,15.033296378372908,14.0,0.0
0903-6-hyf,36.0,word,1693733952.5391855,700.1237989945123,352.4287235891492,9.055385138137416,14.0,0.0
0903-6-hyf,36.0,word,1693733952.5711715,695.577031070054,353.3313976364982,5.0990195135927845,14.0,0.0
0903-6-hyf,36.0,word,1693733952.6031623,690.0661959308626,353.1600104105903,6.0,14.0,0.0
0903-6-hyf,36.0,word,1693733952.6353054,686.3938856119167,353.0458013910243,4.0,14.0,0.0
0903-6-hyf,36.0,word,1693733952.6676078,724.0075188969447,352.1247358076819,41.04875150354759,14.0,0.0
0903-6-hyf,36.0,word,1693733952.6991026,797.8235828607036,349.1617188859157,80.15609770940699,14.0,0.0
0903-6-hyf,36.0,word,1693733952.7311091,863.8190394297305,343.8016599929756,71.34423592694787,14.0,0.0
0903-6-hyf,36.0,word,1693733952.7471368,911.5866907320154,341.0142771764404,51.15662224971465,14.0,0.0
0903-6-hyf,36.0,word,1693733952.7798402,941.7042702897216,339.7991061814126,32.0624390837628,14.0,0.0
0903-6-hyf,36.0,word,1693733952.8121145,960.5746113342475,337.17405216393036,20.223748416156685,14.0,0.0
0903-6-hyf,36.0,word,1693733952.8431544,972.868432834892,335.41052706610077,13.152946437965904,14.0,0.0
0903-6-hyf,36.0,word,1693733952.8755744,980.444823261623,333.5026483575373,8.246211251235321,14.0,0.0
0903-6-hyf,36.0,word,1693733952.907703,984.236589969819,333.6155459641461,4.0,14.0,0.0
0903-6-hyf,36.0,word,1693733952.9397013,982.3405405393845,333.5590922160172,2.0,14.0,0.0
0903-6-hyf,36.0,word,1693733952.9710865,981.3927502025157,334.59820730471404,1.4142135623730951,14.0,0.0
0903-6-hyf,36.0,word,1693733953.0033035,980.4450965148222,334.5699447415145,1.0,14.0,0.0
0903-6-hyf,36.0,word,1693733953.0195856,980.4453696737979,335.6368730980161,1.0,14.0,0.0
0903-6-hyf,36.0,word,1693733953.0517688,979.4979623264178,335.6085711736044,1.0,14.0,0.0
0903-6-hyf,36.0,word,1693733953.0831916,979.4979623264178,335.6085711736044,0.0,14.0,0.0
0903-6-hyf,36.0,word,1693733953.1154203,978.5506379272525,335.5802717271069,1.0,14.0,0.0
0903-6-hyf,36.0,word,1693733953.1470785,977.6033964654089,335.5519747581982,1.0,14.0,0.0
0903-6-hyf,36.0,word,1693733953.1791663,976.6562379299958,335.5236802665529,1.0,14.0,0.0
0903-6-hyf,36.0,word,1693733953.2118003,976.6562379299958,335.5236802665529,0.0,14.0,0.0
0903-6-hyf,36.0,word,1693733953.243957,975.7091623101237,335.4953882518456,1.0,14.0,0.0
0903-6-hyf,36.0,word,1693733953.2752552,974.7634220086163,336.53340844742957,1.4142135623730951,14.0,0.0
0903-6-hyf,36.0,word,1693733953.2915711,974.7634220086163,336.53340844742957,0.0,14.0,0.0
0903-6-hyf,36.0,word,1693733953.3239868,981.3929697202108,336.7317798289412,7.0,14.0,0.0
0903-6-hyf,36.0,word,1693733953.3552165,999.4079536648844,337.2708297624329,19.0,14.0,0.0
0903-6-hyf,36.0,word,1693733953.3879104,1021.2557337031027,337.9245658086438,23.0,14.0,0.0
0903-6-hyf,36.0,word,1693733953.4194634,1043.1370683469095,339.6485791877055,23.021728866442675,14.0,0.0
0903-6-hyf,36.0,word,1693733953.452642,1062.192291259884,341.28953748899687,20.024984394500787,14.0,0.0
0903-6-hyf,36.0,word,1693733953.4832127,1081.291601301126,341.8629145662964,20.0,14.0,0.0
0903-6-hyf,36.0,word,1693733953.5151646,1117.6494544817056,344.02661224009546,38.01315561749642,14.0,0.0
0903-6-hyf,36.0,word,1693733953.531451,1153.1546752930012,346.1678392058151,37.01351104664349,14.0,0.0
0903-6-hyf,36.0,word,1693733953.5638988,1178.122064397879,349.0683515860347,26.0768096208106,14.0,0.0
0903-6-hyf,36.0,word,1693733953.59507,1197.375102574411,350.7247812982684,20.024984394500787,14.0,0.0
0903-6-hyf,36.0,word,1693733953.6270378,1211.8628054656117,351.1632780197018,15.0,14.0,0.0
0903-6-hyf,36.0,word,1693733953.659653,1220.5646493869524,351.4266551788407,9.0,14.0,0.0
0903-6-hyf,36.0,word,1693733953.6917565,1226.3271867403782,352.6767698120282,6.082762530298219,14.0,0.0
0903-6-hyf,36.0,word,1693733953.7231674,1225.4019996247848,351.57306639638466,1.4142135623730951,14.0,0.0
0903-6-hyf,36.0,word,1693733953.755402,1222.4993328570276,351.4852118986334,3.0,14.0,0.0
0903-6-hyf,36.0,word,1693733953.7877052,1221.5319483587102,351.4559322444285,1.0,14.0,0.0
0903-6-hyf,36.0,word,1693733953.819345,1220.5646493869524,351.4266551788407,1.0,14.0,0.0
0903-6-hyf,36.0,word,1693733953.835256,1219.5974359304128,351.3973807015268,1.0,14.0,0.0
0903-6-hyf,36.0,word,1693733953.8673923,1218.6303079777515,351.3681088121436,1.0,14.0,0.0
0903-6-hyf,36.0,word,1693733953.8993657,1217.6632655176306,351.3388395103478,1.0,14.0,0.0
0903-6-hyf,36.0,word,1693733953.931728,1217.6632655176306,351.3388395103478,0.0,14.0,0.0
0903-6-hyf,36.0,word,1693733953.9630337,1217.6632655176306,351.3388395103478,0.0,14.0,0.0
0903-6-hyf,36.0,word,1693733953.9953237,1217.6632655176306,351.3388395103478,0.0,14.0,0.0
0903-6-hyf,36.0,word,1693733954.0274975,1216.6554711305612,352.38356237200827,1.4142135623730951,14.0,0.0
0903-6-hyf,36.0,word,1693733954.0595176,1216.6554711305612,352.38356237200827,0.0,14.0,0.0
0903-6-hyf,36.0,word,1693733954.0755162,1216.6554711305612,352.38356237200827,0.0,14.0,0.0
0903-6-hyf,36.0,word,1693733954.1078355,1215.6887696763722,352.35425587974964,1.0,14.0,0.0
0903-6-hyf,36.0,word,1693733954.1393414,1215.6887696763722,352.35425587974964,0.0,14.0,0.0
0903-6-hyf,36.0,word,1693733954.1710489,1215.6887696763722,352.35425587974964,0.0,14.0,0.0
0903-6-hyf,36.0,word,1693733954.203138,1215.4856450274556,357.7183903171389,5.0,14.0,0.0
0903-6-hyf,36.0,word,1693733954.2671027,1199.0316323376715,439.74974919178754,79.2464510246358,14.0,0.0
0903-6-hyf,36.0,word,1693733954.299105,1223.7590538766924,465.5843207015805,36.12478373637688,14.0,0.0
0903-6-hyf,36.0,word,1693733954.3310812,1233.3478786981448,463.8492325971595,10.198039027185567,14.0,0.0
0903-6-hyf,36.0,word,1693733954.3635285,1238.5869241908774,452.5926500039781,12.083045973594572,14.0,0.0
0903-6-hyf,36.0,word,1693733954.3796735,1243.8030860610163,442.33315481342635,11.180339887498947,14.0,0.0
0903-6-hyf,36.0,word,1693733954.411583,1251.186083739465,426.8530921871519,16.55294535724685,14.0,0.0
0903-6-hyf,36.0,word,1693733954.4436204,1265.2956156822017,412.5609868994742,19.79898987322333,14.0,0.0
0903-6-hyf,36.0,word,1693733954.475941,1299.6197882880915,402.0229081381109,36.68787265568828,14.0,0.0
0903-6-hyf,36.0,word,1693733954.5079691,1334.1202189379499,392.4784069892231,36.40054944640259,14.0,0.0
0903-6-hyf,36.0,word,1693733954.539271,1360.77689553608,386.9068210391243,27.65863337187866,14.0,0.0
0903-6-hyf,36.0,word,1693733954.5711553,1379.591610586353,383.2093051001767,19.4164878389476,14.0,0.0
0903-6-hyf,36.0,word,1693733954.603322,1393.4241011420593,381.49450606714885,14.142135623730953,14.0,0.0
0903-6-hyf,36.0,word,1693733954.6193218,1404.3429982411042,379.6843508287539,11.180339887498947,14.0,0.0
0903-6-hyf,36.0,word,1693733954.6519158,1410.299667620072,378.793456334347,6.082762530298219,14.0,0.0
0903-6-hyf,36.0,word,1693733954.6831818,1415.3560778407957,376.7952268410532,5.385164807134504,14.0,0.0
0903-6-hyf,36.0,word,1693733954.7152824,1418.3010076778578,376.88695818863954,3.0,14.0,0.0
0903-6-hyf,36.0,word,1693733954.7473135,1420.264730779153,376.9481260182093,2.0,14.0,0.0
0903-6-hyf,36.0,word,1693733954.7798586,1422.305915686806,375.9326993222939,2.23606797749979,14.0,0.0
0903-6-hyf,36.0,word,1693733954.8119023,1422.3830551711103,374.8557166577126,1.0,14.0,0.0
0903-6-hyf,36.0,word,1693733954.8433323,1421.477615228577,373.74789350447304,1.4142135623730951,14.0,0.0
0903-6-hyf,36.0,word,1693733954.8756423,1421.5546331505127,372.67019835437515,1.0,14.0,0.0
0903-6-hyf,36.0,word,1693733954.892005,1420.5719385118668,372.639780653483,1.0,14.0,0.0
0903-6-hyf,36.0,word,1693733954.9232185,1428.51422101541,371.80482645701613,8.06225774829855,14.0,0.0
0903-6-hyf,36.0,word,1693733954.9552867,1440.3228528631928,372.169765505785,12.0,14.0,0.0
0903-6-hyf,36.0,word,1693733954.987636,1453.212505331485,371.4857380519936,13.038404810405298,14.0,0.0
0903-6-hyf,36.0,word,1693733955.0190911,1465.134465896312,370.7702653363357,12.041594578792296,14.0,0.0
0903-6-hyf,36.0,word,1693733955.051559,1428.732253743998,436.009261147615,69.77105417004964,14.0,0.0
0903-6-hyf,36.0,word,1693733955.1313462,931.4148724191538,570.6125774116733,545.0467869825488,14.0,0.0
0903-6-hyf,36.0,word,1693733955.1635249,932.5247242450407,484.7751253599849,86.02325267042627,14.0,0.0
0903-6-hyf,36.0,word,1693733955.1957865,701.9230497219788,451.1159222272305,253.23704310388715,14.0,0.0
0903-6-hyf,36.0,word,1693733955.2279384,571.4431936778473,431.3550430152704,144.77914214416384,14.0,0.0
0903-6-hyf,36.0,word,1693733955.2594097,508.4540933825126,423.1068717545786,70.25667228100119,14.0,0.0
0903-6-hyf,36.0,word,1693733955.2918923,478.8301766032837,419.05626051486126,33.13608305156178,14.0,0.0
0903-6-hyf,36.0,word,1693733955.3240068,464.6963481929297,419.575754361796,16.0312195418814,14.0,0.0
0903-6-hyf,36.0,word,1693733955.355323,456.53367592576404,417.27894640656046,9.219544457292889,14.0,0.0
0903-6-hyf,36.0,word,1693733955.3875115,451.29729937036876,418.1056042350003,6.082762530298219,14.0,0.0
0903-6-hyf,36.0,word,1693733955.419592,462.6626487587732,416.4821813947363,13.152946437965904,14.0,0.0
0903-6-hyf,36.0,word,1693733955.435484,482.8641134328643,414.1485405248737,23.194827009486403,14.0,0.0
0903-6-hyf,36.0,word,1693733955.467817,494.36486564421216,413.53191498039706,13.038404810405298,14.0,0.0
0903-6-hyf,36.0,word,1693733955.4999237,500.5274852986844,412.73131593366804,7.071067811865476,14.0,0.0
0903-6-hyf,36.0,word,1693733955.531082,507.58870263619076,411.96046737775583,8.06225774829855,14.0,0.0
0903-6-hyf,36.0,word,1693733955.563506,515.5507700685338,411.2193166787749,9.055385138137416,14.0,0.0
0903-6-hyf,36.0,word,1693733955.5956254,525.3108835750454,410.5382837159857,11.04536101718726,14.0,0.0
0903-6-hyf,36.0,word,1693733955.6274643,534.2621475466867,410.843076292532,10.0,14.0,0.0
0903-6-hyf,36.0,word,1693733955.659841,543.1479227541015,410.1306064121384,10.04987562112089,14.0,0.0
0903-6-hyf,36.0,word,1693733955.6912265,549.3525792517615,409.32590465388176,7.071067811865476,14.0,0.0
0903-6-hyf,36.0,word,1693733955.7071338,555.6340344421025,409.53918813820115,7.0,14.0,0.0
0903-6-hyf,36.0,word,1693733955.7393842,560.1230665428161,409.69161084578235,5.0,14.0,0.0
0903-6-hyf,36.0,word,1693733955.7717433,555.7050658453588,410.55757887683166,5.0990195135927845,14.0,0.0
0903-6-hyf,36.0,word,1693733955.8031583,551.2186648804848,410.4050306687199,5.0,14.0,0.0
0903-6-hyf,36.0,word,1693733955.8356688,549.4966681913038,411.36181518956715,2.23606797749979,14.0,0.0
0903-6-hyf,36.0,word,1693733955.8676682,547.7032350269694,411.30074838193497,2.0,14.0,0.0
0903-6-hyf,36.0,word,1693733955.8991327,544.1172784154298,411.178645742746,4.0,14.0,0.0
0903-6-hyf,36.0,word,1693733955.9315104,540.5325342474235,411.05658438753545,4.0,14.0,0.0
0903-6-hyf,36.0,word,1693733955.963753,536.1275076000908,411.9209439617773,5.0990195135927845,14.0,0.0
0903-6-hyf,36.0,word,1693733955.979967,531.6509028256343,411.76830032523577,5.0,14.0,0.0
0903-6-hyf,36.0,word,1693733956.0118794,528.0709801956855,411.6462318299577,4.0,14.0,0.0
0903-6-hyf,36.0,word,1693733956.043036,524.5683353881451,412.5402525588197,4.123105625617661,14.0,0.0
0903-6-hyf,36.0,word,1693733956.0753274,520.9914125494552,412.4181152378319,4.0,14.0,0.0
0903-6-hyf,36.0,word,1693733956.107057,518.3095129808213,412.32653930979444,3.0,14.0,0.0
0903-6-hyf,36.0,word,1693733956.1394432,515.6282924629811,412.23498656857106,3.0,14.0,0.0
0903-6-hyf,36.0,word,1693733956.171543,513.8411892408474,412.1739642849704,2.0,14.0,0.0
0903-6-hyf,36.0,word,1693733956.2039905,511.16109990135357,412.08245016887224,3.0,14.0,0.0
0903-6-hyf,36.0,word,1693733956.2350354,509.374750559498,412.0214536272072,2.0,14.0,0.0
0903-6-hyf,36.0,word,1693733956.2514503,512.9477507380662,412.1434570053566,4.0,14.0,0.0
0903-6-hyf,36.0,word,1693733956.2833505,544.044368578718,410.16108768326984,35.12833614050059,14.0,0.0
0903-6-hyf,36.0,word,1693733956.315215,618.3499570298043,406.5685801849789,83.21658488546619,14.0,0.0
0903-6-hyf,36.0,word,1693733956.3475697,691.3632294744253,399.79656786348147,81.49846624323675,14.0,0.0
0903-6-hyf,36.0,word,1693733956.379837,744.1096441052417,395.3653394255865,58.30951894845301,14.0,0.0
0903-6-hyf,36.0,word,1693733956.4117274,779.8202908887804,393.440256181236,39.11521443121589,14.0,0.0
0903-6-hyf,36.0,word,1693733956.4431508,803.7744078761029,394.22711452215924,26.0,14.0,0.0
0903-6-hyf,36.0,word,1693733956.47519,814.8765171825303,395.6282795771456,12.041594578792296,14.0,0.0
0903-6-hyf,36.0,word,1693733956.507532,808.4458680810926,396.4525444893912,7.071067811865476,14.0,0.0
0903-6-hyf,36.0,word,1693733956.5238173,802.9733029569364,398.34228864104904,6.324555320336759,14.0,0.0
0903-6-hyf,36.0,word,1693733956.5551565,799.3182530215047,399.25583382263585,4.123105625617661,14.0,0.0
0903-6-hyf,36.0,word,1693733956.5874872,797.5072555374953,400.22978214898,2.23606797749979,14.0,0.0
0903-6-hyf,36.0,word,1693733956.6832132,784.2574146346541,738.2435381654503,348.0488471464889,14.0,0.0
0903-6-hyf,36.0,word,1693733956.7152812,771.9763621523833,757.8194884573801,26.627053911388696,14.0,0.0
0903-6-hyf,36.0,word,1693733956.7476118,873.0497483197015,591.6969480036356,217.16583525039107,14.0,0.0
0903-6-hyf,36.0,word,1693733956.7791884,866.1142053028943,558.1167997502291,34.713109915419565,14.0,0.0
0903-6-hyf,36.0,word,1693733956.7950742,863.5055076772245,517.3697555411687,41.04875150354759,14.0,0.0
0903-6-hyf,36.0,word,1693733956.8276136,858.2409098381769,482.03805784814926,35.35533905932738,14.0,0.0
0903-6-hyf,36.0,word,1693733956.8591433,851.2768783057296,455.4251182252772,26.92582403567252,14.0,0.0
0903-6-hyf,36.0,word,1693733956.8910809,844.4878838623506,438.85374861073194,17.46424919657298,14.0,0.0
0903-6-hyf,36.0,word,1693733956.9233196,837.8609217455042,430.4272362560558,10.63014581273465,14.0,0.0
0903-6-hyf,36.0,word,1693733956.9557674,833.1116867902076,424.10361422067115,7.810249675906654,14.0,0.0
0903-6-hyf,36.0,word,1693733956.9870734,828.4585493723628,421.8888717861661,5.385164807134504,14.0,0.0
0903-6-hyf,36.0,word,1693733957.0197656,826.5392721734277,418.73763201352534,3.605551275463989,14.0,0.0
0903-6-hyf,36.0,word,1693733957.0520756,844.9224710137355,417.3011160486068,20.09975124224178,14.0,0.0
0903-6-hyf,36.0,word,1693733957.067144,863.3496905671304,415.8611601787138,20.09975124224178,14.0,0.0
0903-6-hyf,36.0,word,1693733957.0995588,879.0597608866182,415.3583570093192,17.029386365926403,14.0,0.0
0903-6-hyf,36.0,word,1693733957.1320164,892.0160262622137,414.7609830181957,14.0356688476182,14.0,0.0
0903-6-hyf,36.0,word,1693733957.1639683,902.1935517929774,413.03321093859904,11.180339887498947,14.0,0.0
0903-6-hyf,36.0,word,1693733957.19602,910.5406508636529,412.27729161788744,9.055385138137416,14.0,0.0
0903-6-hyf,36.0,word,1693733957.2274885,917.0368236636709,411.45825825787136,7.071067811865476,14.0,0.0
0903-6-hyf,36.0,word,1693733957.259879,918.9077756019674,412.55778069585193,2.23606797749979,14.0,0.0
0903-6-hyf,36.0,word,1693733957.29125,907.7656489576646,413.2202706382096,12.041594578792296,14.0,0.0
0903-6-hyf,36.0,word,1693733957.3235047,898.4804195529546,412.9085581587023,10.0,14.0,0.0
0903-6-hyf,36.0,word,1693733957.3396542,886.421566626284,412.50373294847316,13.0,14.0,0.0
0903-6-hyf,36.0,word,1693733957.371694,870.7103339072347,414.0436883759692,17.11724276862369,14.0,0.0
0903-6-hyf,36.0,word,1693733957.4031348,855.9351377155828,414.5787151477036,16.0312195418814,14.0,0.0
0903-6-hyf,36.0,word,1693733957.435325,843.0070239288782,414.1428464796913,14.0,14.0,0.0
0903-6-hyf,36.0,word,1693733957.4675903,830.9907364022087,412.7064563345478,13.038404810405298,14.0,0.0
0903-6-hyf,36.0,word,1693733957.499788,821.7746145829493,412.3961789357701,10.0,14.0,0.0
0903-6-hyf,36.0,word,1693733957.5312386,815.3280309050642,412.17914304433936,7.0,14.0,0.0
0903-6-hyf,36.0,word,1693733957.563432,809.8345297789288,413.0244427374027,6.082762530298219,14.0,0.0
0903-6-hyf,36.0,word,1693733957.5955951,815.2998827721392,411.1473340833997,6.324555320336759,14.0,0.0
0903-6-hyf,36.0,word,1693733957.6117518,820.7989836142223,410.30073104396513,6.082762530298219,14.0,0.0
0903-6-hyf,36.0,word,1693733957.6437488,824.4854034922033,410.4244870687853,4.0,14.0,0.0
0903-6-hyf,36.0,word,1693733957.6757429,827.2248905277808,409.4843177436603,3.1622776601683795,14.0,0.0
0903-6-hyf,36.0,word,1693733957.7071917,831.8366558445911,409.6389168254186,5.0,14.0,0.0
0903-6-hyf,36.0,word,1693733957.7396915,837.3489246805558,408.79072929470965,6.082762530298219,14.0,0.0
0903-6-hyf,36.0,word,1693733957.7718284,841.9421275360822,407.910938867553,5.0990195135927845,14.0,0.0
0903-6-hyf,36.0,word,1693733957.8032086,846.5388590958397,407.03047254597146,5.0990195135927845,14.0,0.0
0903-6-hyf,36.0,word,1693733957.8355086,852.0860032089786,407.21562820979017,6.0,14.0,0.0
0903-6-hyf,36.0,word,1693733957.8516965,854.8606484499106,407.30824186304454,3.0,14.0,0.0
0903-6-hyf,36.0,word,1693733957.883807,870.5782839876775,406.7972456660904,17.029386365926403,14.0,0.0
0903-6-hyf,36.0,word,1693733957.9158642,892.8072608039089,405.46369297990867,24.08318915758459,14.0,0.0
0903-6-hyf,36.0,word,1693733957.9480126,913.2472736908375,405.1042588756049,22.02271554554524,14.0,0.0
0903-6-hyf,36.0,word,1693733957.9792745,929.9945179872334,403.57987432677675,18.110770276274835,14.0,0.0
0903-6-hyf,36.0,word,1693733958.011622,943.0563723967382,404.01208738046864,14.0,14.0,0.0
0903-6-hyf,36.0,word,1693733958.043706,952.3909027351353,403.27927303046323,10.04987562112089,14.0,0.0
0903-6-hyf,36.0,word,1693733958.07591,959.8696519498228,403.5263822611032,8.0,14.0,0.0
0903-6-hyf,36.0,word,1693733958.1081302,970.1593642941594,402.8234666813498,11.04536101718726,14.0,0.0
0903-6-hyf,36.0,word,1693733958.1399848,988.9022742666334,401.35317483488143,20.09975124224178,14.0,0.0
0903-6-hyf,36.0,word,1693733958.156018,1005.8104644803531,399.8176600900144,18.110770276274835,14.0,0.0
0903-6-hyf,36.0,word,1693733958.1872332,1018.0366702293842,400.21868311083966,13.0,14.0,0.0
0903-6-hyf,36.0,word,1693733958.2194686,1027.4508373712151,400.52747046672647,10.0,14.0,0.0
0903-6-hyf,36.0,word,1693733958.2514734,1034.0456208134751,400.743781236559,7.0,14.0,0.0
0903-6-hyf,36.0,word,1693733958.283915,1039.701485292501,400.9292951977434,6.0,14.0,0.0
0903-6-hyf,36.0,word,1693733958.3159704,1044.4169588970524,401.08396407117283,5.0,14.0,0.0
0903-6-hyf,36.0,word,1693733958.3473485,1062.340707449267,402.72064611877363,19.026297590440446,14.0,0.0
0903-6-hyf,36.0,word,1693733958.3793793,1083.1439451866686,403.4040026015256,22.0,14.0,0.0
0903-6-hyf,36.0,word,1693733958.3952632,1100.214712037667,402.91414622081373,18.027756377319943,14.0,0.0
0903-6-hyf,36.0,word,1693733958.4273293,1114.4690912620836,402.3300402679527,15.033296378372908,14.0,0.0
0903-6-hyf,36.0,word,1693733958.4598894,1124.9192692518338,402.67230436880834,11.0,14.0,0.0
0903-6-hyf,36.0,word,1693733958.4920356,1132.499839007647,403.9731075544438,8.06225774829855,14.0,0.0
0903-6-hyf,36.0,word,1693733958.52319,1139.1316671099962,405.24311885899317,7.071067811865476,14.0,0.0
0903-6-hyf,36.0,word,1693733958.5551004,1159.0377900717876,409.0551901010493,21.213203435596427,14.0,0.0
0903-6-hyf,36.0,word,1693733958.5875404,1205.7015342173027,413.7564821872529,49.09175083453431,14.0,0.0
0903-6-hyf,36.0,word,1693733958.6196337,1252.4706406709442,419.52589263844817,49.16299421312742,14.0,0.0
0903-6-hyf,36.0,word,1693733958.6511142,1286.91527655285,423.8398305984895,36.12478373637688,14.0,0.0
0903-6-hyf,36.0,word,1693733958.6680288,1309.8623359767244,427.7739335115265,24.186773244895647,14.0,0.0
0903-6-hyf,36.0,word,1693733958.6994052,1324.2684560081989,429.31354234273266,15.033296378372908,14.0,0.0
0903-6-hyf,36.0,word,1693733958.7314408,1334.8255717214427,430.72440654845684,11.04536101718726,14.0,0.0
0903-6-hyf,36.0,word,1693733958.7639232,1342.5529253511154,430.9849326692347,8.0,14.0,0.0
0903-6-hyf,36.0,word,1693733958.7959273,1347.4484886870578,430.0939400397497,5.0990195135927845,14.0,0.0
0903-6-hyf,36.0,word,1693733958.827925,1351.316580565929,430.2241663442568,4.0,14.0,0.0
0903-6-hyf,36.0,word,1693733958.8593314,1357.1212684923476,430.41959165501623,6.0,14.0,0.0
0903-6-hyf,36.0,word,1693733958.8914323,1376.424034818331,432.126890081673,20.024984394500787,14.0,0.0
0903-6-hyf,36.0,word,1693733958.9237103,1396.6530378291368,434.9246400074384,21.095023109728988,14.0,0.0
0903-6-hyf,36.0,word,1693733958.9399178,1413.1670497204746,435.48299051245107,17.0,14.0,0.0
0903-6-hyf,36.0,word,1693733958.971037,1425.7351073872821,436.96664663550206,13.038404810405298,14.0,0.0
0903-6-hyf,36.0,word,1693733959.0034823,1436.444195078963,437.32924186564964,11.0,14.0,0.0
0903-6-hyf,36.0,word,1693733959.0356095,1445.2139034624738,437.626172334537,9.0,14.0,0.0
0903-6-hyf,36.0,word,1693733959.0670636,1379.1464305051013,636.7379863408795,204.26698215815497,14.0,0.0
0903-6-hyf,36.0,word,1693733959.1799133,1393.0556284012855,543.8756162083757,93.34345183246651,14.0,0.0
0903-6-hyf,36.0,word,1693733959.2274866,1445.3024182990328,659.355656403425,129.86531484580476,14.0,0.0
0903-6-hyf,36.0,word,1693733959.2437563,1444.8951055787131,640.5565478199321,19.1049731745428,14.0,0.0
0903-6-hyf,36.0,word,1693733959.2757747,1443.123995606491,602.5665118961532,38.3275357934736,14.0,0.0
0903-6-hyf,36.0,word,1693733959.3074083,1440.8262310101247,545.7270377963522,56.43580423808985,14.0,0.0
0903-6-hyf,36.0,word,1693733959.3397722,1438.4301735015238,501.3414223882169,43.41658669218482,14.0,0.0
0903-6-hyf,36.0,word,1693733959.371672,1435.5579652237482,475.1917353593732,25.495097567963924,14.0,0.0
0903-6-hyf,36.0,word,1693733959.4040716,1432.9310170155707,458.3162421823984,16.492422502470642,14.0,0.0
0903-6-hyf,36.0,word,1693733959.4360316,1364.5755041566251,450.68973474053297,71.17583859709698,14.0,0.0
0903-6-hyf,36.0,word,1693733959.451445,1136.1168833710474,449.02038607404836,239.0753019448057,14.0,0.0
0903-6-hyf,36.0,word,1693733959.483805,872.4887111338546,461.2722137584383,283.7780823108085,14.0,0.0
0903-6-hyf,36.0,word,1693733959.5159268,725.3308532774289,470.10902292958383,162.60381299342276,14.0,0.0
0903-6-hyf,36.0,word,1693733959.5473795,655.395911874303,473.56376446700773,78.23042886243178,14.0,0.0
0903-6-hyf,36.0,word,1693733959.5798104,622.4395281652563,475.3461001396567,37.12142238654117,14.0,0.0
0903-6-hyf,36.0,word,1693733959.6112642,608.1497891542429,474.81823883153584,16.0,14.0,0.0
0903-6-hyf,36.0,word,1693733959.643098,600.2463768879019,476.5192642236469,9.219544457292889,14.0,0.0
0903-6-hyf,36.0,word,1693733959.6753478,595.8533408528464,477.3523541874569,5.0990195135927845,14.0,0.0
0903-6-hyf,36.0,word,1693733959.7076533,586.252463464677,479.9803333854536,11.40175425099138,14.0,0.0
0903-6-hyf,36.0,word,1693733959.7392223,571.2724463659775,481.4090145089031,17.11724276862369,14.0,0.0
0903-6-hyf,36.0,word,1693733959.755127,560.6885131796469,482.0062111581715,12.041594578792296,14.0,0.0
0903-6-hyf,36.0,word,1693733959.787307,551.8911334967846,482.6689165310603,10.04987562112089,14.0,0.0
0903-6-hyf,36.0,word,1693733959.819828,547.460542858073,482.5031772078304,5.0,14.0,0.0
0903-6-hyf,36.0,word,1693733959.851132,543.917402709362,482.3706355901902,4.0,14.0,0.0
0903-6-hyf,36.0,word,1693733959.8833177,541.3333013714777,483.2645297522375,3.1622776601683795,14.0,0.0
0903-6-hyf,36.0,word,1693733959.915348,538.6049116992053,482.17190617994066,3.1622776601683795,14.0,0.0
0903-6-hyf,36.0,word,1693733959.9473462,536.8346728560906,482.1056851697553,2.0,14.0,0.0
0903-6-hyf,36.0,word,1693733959.979695,535.0647296363064,482.0394752182335,2.0,14.0,0.0
0903-6-hyf,36.0,word,1693733960.0117228,532.4103689384065,481.94018101988576,3.0,14.0,0.0
0903-6-hyf,36.0,word,1693733960.0277245,529.7566729766024,481.8409116879542,3.0,14.0,0.0
0903-6-hyf,36.0,word,1693733960.0593114,546.3874428099164,599.982292488085,121.33424908079334,14.0,0.0
0903-6-hyf,36.0,word,1693733960.1877463,553.883644680064,826.320552110712,247.24481794367296,14.0,0.0
0903-6-hyf,36.0,word,1693733960.219915,553.6394907565535,698.5791443149818,142.42541907960108,14.0,0.0
0903-6-hyf,36.0,word,1693733960.251261,553.5132636125638,673.6201485719779,27.073972741361768,14.0,0.0
0903-6-hyf,36.0,word,1693733960.283712,555.5797803874982,619.3608262386514,58.42088667591412,14.0,0.0
0903-6-hyf,36.0,word,1693733960.299909,558.236741379572,571.7766008539074,50.48762224545735,14.0,0.0
0903-6-hyf,36.0,word,1693733960.3310978,558.5919466488454,539.873922333436,33.13608305156178,14.0,0.0
0903-6-hyf,36.0,word,1693733960.3633687,637.2408246267678,515.5682994899764,95.2102935611481,14.0,0.0
0903-6-hyf,36.0,word,1693733960.395896,741.0045995170742,500.72361041090267,118.53269591129698,14.0,0.0
0903-6-hyf,36.0,word,1693733960.4278665,814.7407881458357,490.4939053035861,83.02409288875127,14.0,0.0
0903-6-hyf,36.0,word,1693733960.459879,861.043761274384,485.1689943088406,51.47815070493501,14.0,0.0
0903-6-hyf,36.0,word,1693733960.4920073,888.4429032261723,483.15088297102443,30.14962686336267,14.0,0.0
0903-6-hyf,36.0,word,1693733960.5233295,904.0084613390798,481.70024004945236,17.11724276862369,14.0,0.0
0903-6-hyf,36.0,word,1693733960.555683,912.2747973931313,482.0040462197783,9.0,14.0,0.0
0903-6-hyf,36.0,word,1693733960.5718167,915.9618426795267,483.15237106134794,4.123105625617661,14.0,0.0
0903-6-hyf,36.0,word,1693733960.6033273,919.6489074070732,484.30070195783543,4.123105625617661,14.0,0.0
0903-6-hyf,36.0,word,1693733960.6350913,922.4167184738026,485.4151241749252,3.1622776601683795,14.0,0.0
0903-6-hyf,36.0,word,1693733960.667524,923.3359915759241,485.4490389092887,1.0,14.0,0.0
0903-6-hyf,36.0,word,1693733960.7001052,924.2553429896737,485.4829565328023,1.0,14.0,0.0
0903-6-hyf,36.0,word,1693733960.731604,917.8215272874794,485.24559382744366,7.0,14.0,0.0
0903-6-hyf,36.0,word,1693733960.7637691,908.6370125375859,484.9067496066343,10.0,14.0,0.0
0903-6-hyf,36.0,word,1693733960.79574,893.04126795089,484.33137594059696,17.0,14.0,0.0
0903-6-hyf,36.0,word,1693733960.8118691,871.9585870216986,482.54350050556616,23.021728866442675,14.0,0.0
0903-6-hyf,36.0,word,1693733960.8439796,851.8453067979068,481.8024049345247,22.0,14.0,0.0
0903-6-hyf,36.0,word,1693733960.8755083,832.7062329222541,482.10543603103133,21.02379604162864,14.0,0.0
0903-6-hyf,36.0,word,1693733960.907514,817.247563676138,482.5422864645422,17.029386365926403,14.0,0.0
0903-6-hyf,36.0,word,1693733960.9399507,795.4262945760332,481.7362113050755,24.0,14.0,0.0
0903-6-hyf,36.0,word,1693733960.9710336,762.7409004481933,479.5242056436433,36.013886210738214,14.0,0.0
0903-6-hyf,36.0,word,1693733961.0036864,734.7425946298285,479.4945624400731,31.016124838541646,14.0,0.0
0903-6-hyf,36.0,word,1693733961.0350811,714.034451958761,479.7315959621286,23.021728866442675,14.0,0.0
0903-6-hyf,36.0,word,1693733961.0672507,699.7176082994514,481.2036900429862,16.1245154965971,14.0,0.0
0903-6-hyf,36.0,word,1693733961.0835345,688.8773783097021,479.80159139851196,12.041594578792296,14.0,0.0
0903-6-hyf,36.0,word,1693733961.115839,667.4275208072384,481.0051555954637,24.08318915758459,14.0,0.0
0903-6-hyf,36.0,word,1693733961.1476362,646.929918031277,482.23880369612203,23.08679276123039,14.0,0.0
0903-6-hyf,36.0,word,1693733961.18001,631.7859723816673,482.6712555475725,17.029386365926403,14.0,0.0
0903-6-hyf,36.0,word,1693733961.21106,621.8436594850592,480.30907743059777,11.180339887498947,14.0,0.0
0903-6-hyf,36.0,word,1693733961.3394003,755.1997527727689,566.3463545121756,166.58031096140985,14.0,0.0
0903-6-hyf,36.0,word,1693733961.3556972,938.8101562103086,711.2799007126375,248.31028975860025,14.0,0.0
0903-6-hyf,36.0,word,1693733961.3878484,1041.7297019880825,664.7707183639892,127.04723531033645,14.0,0.0
0903-6-hyf,36.0,word,1693733961.4192977,1136.2113901735831,590.8735674495323,129.63024338479042,14.0,0.0
0903-6-hyf,36.0,word,1693733961.451283,1197.3177243058692,540.3328226592022,83.09632964216891,14.0,0.0
0903-6-hyf,36.0,word,1693733961.4837868,1230.2737073056267,515.1978501538671,42.80186911806539,14.0,0.0
0903-6-hyf,36.0,word,1693733961.515972,1245.9061856298154,503.5080495386472,20.0,14.0,0.0
0903-6-hyf,36.0,word,1693733961.5485642,1254.6093670196858,499.7257117301013,9.848857801796104,14.0,0.0
0903-6-hyf,36.0,word,1693733961.5791745,1261.2909410149286,498.9451975214779,7.071067811865476,14.0,0.0
0903-6-hyf,36.0,word,1693733961.6115177,1264.2800577988667,495.9701877425268,4.242640687119285,14.0,0.0
0903-6-hyf,36.0,word,1693733961.6435752,1265.3255774786817,493.94988125366456,2.23606797749979,14.0,0.0
0903-6-hyf,36.0,word,1693733961.6594603,1291.9386353442192,494.9267204547077,28.0,14.0,0.0
0903-6-hyf,36.0,word,1693733961.6910684,1316.6514843509992,496.86578566885,26.019223662515376,14.0,0.0
0903-6-hyf,36.0,word,1693733961.7232256,1335.6796321640454,498.5976318887179,20.024984394500787,14.0,0.0
0903-6-hyf,36.0,word,1693733961.7552755,1348.0402523295602,500.0852445516873,13.038404810405298,14.0,0.0
0903-6-hyf,36.0,word,1693733961.787436,1357.540217222488,501.4681315361511,10.04987562112089,14.0,0.0
0903-6-hyf,36.0,word,1693733961.8198028,1364.2389585515855,501.7152681403019,7.0,14.0,0.0
0903-6-hyf,36.0,word,1693733961.851221,1368.9600284301791,502.9224811711929,5.0990195135927845,14.0,0.0
0903-6-hyf,36.0,word,1693733961.883288,1372.7907087167036,503.06398605840457,4.0,14.0,0.0
0903-6-hyf,36.0,word,1693733961.8995965,1369.983981860994,501.9272192340525,3.1622776601683795,14.0,0.0
0903-6-hyf,36.0,word,1693733961.931775,1363.347009430056,500.64923857792104,7.071067811865476,14.0,0.0
0903-6-hyf,36.0,word,1693733961.963477,1359.5829434981988,499.4772535951204,4.123105625617661,14.0,0.0
0903-6-hyf,36.0,word,1693733961.9956946,1356.7118034591226,499.3715980620778,3.0,14.0,0.0
0903-6-hyf,36.0,word,1693733962.0278616,1351.9915421219214,498.1646111146436,5.0990195135927845,14.0,0.0
0903-6-hyf,36.0,word,1693733962.0591612,1347.2092183945629,497.98885011879634,5.0,14.0,0.0
0903-6-hyf,36.0,word,1693733962.0915842,1342.4289721776015,497.81316547606053,5.0,14.0,0.0
0903-6-hyf,36.0,word,1693733962.1237004,1347.2092183945629,497.98885011879634,5.0,14.0,0.0
0903-6-hyf,36.0,word,1693733962.1555028,1351.9915421219214,498.1646111146436,5.0,14.0,0.0
0903-6-hyf,36.0,word,1693733962.171662,1360.6697945718613,497.44951550539025,9.055385138137416,14.0,0.0
0903-6-hyf,36.0,word,1693733962.2038093,1371.2083056027127,497.83633428989725,11.0,14.0,0.0
0903-6-hyf,36.0,word,1693733962.2352688,1381.8254377138867,497.1906564086572,11.04536101718726,14.0,0.0
0903-6-hyf,36.0,word,1693733962.2676156,1392.4563877385383,496.544138194924,11.04536101718726,14.0,0.0
0903-6-hyf,36.0,word,1693733962.2991223,1401.1058810669433,496.86080738331805,9.0,14.0,0.0
0903-6-hyf,36.0,word,1693733962.3317647,1407.8379569919246,497.10727742941543,7.0,14.0,0.0
0903-6-hyf,36.0,word,1693733962.3637953,1369.038230226674,604.5040669918477,111.97321108193692,14.0,0.0
0903-6-hyf,36.0,word,1693733962.508015,1024.9033828365752,621.5075275000136,372.37749663479934,14.0,0.0
0903-6-hyf,36.0,word,1693733962.539162,841.7380745735081,594.2720117368577,203.98284241572867,14.0,0.0
0903-6-hyf,36.0,word,1693733962.571328,711.6768143568676,566.5097231906751,146.81280598094978,14.0,0.0
0903-6-hyf,36.0,word,1693733962.603595,643.9654558242866,555.9627398699515,76.4198926981712,14.0,0.0
0903-6-hyf,36.0,word,1693733962.6351366,606.372488229099,545.6857192942507,42.95346318982906,14.0,0.0
0903-6-hyf,36.0,word,1693733962.6671643,586.606096828575,539.048847109683,22.80350850198276,14.0,0.0
0903-6-hyf,36.0,word,1693733962.6991718,548.864343711581,538.5117047768159,43.01162633521314,14.0,0.0
0903-6-hyf,36.0,word,1693733962.7151368,520.8916676527914,538.3624407485291,32.01562118716424,14.0,0.0
0903-6-hyf,36.0,word,1693733962.7475677,506.02383109636185,537.7663586568078,17.0,14.0,0.0
0903-6-hyf,36.0,word,1693733962.7797942,495.62050077158256,538.3187227097568,12.041594578792296,14.0,0.0
0903-6-hyf,36.0,word,1693733962.8116944,487.8470442253581,538.9754892462003,9.055385138137416,14.0,0.0
0903-6-hyf,36.0,word,1693733962.843803,483.40610696107245,537.8284628763525,5.0990195135927845,14.0,0.0
0903-6-hyf,36.0,word,1693733962.8760169,480.7905715667877,537.7234808390482,3.0,14.0,0.0
0903-6-hyf,36.0,word,1693733962.9076009,479.0472407687742,537.6535072423342,2.0,14.0,0.0
0903-6-hyf,36.0,word,1693733962.9399636,478.17568318254405,537.6185247713531,1.0,14.0,0.0
0903-6-hyf,36.0,word,1693733962.971207,477.3041974596453,537.5835451848136,1.0,14.0,0.0
0903-6-hyf,36.0,word,1693733962.98728,475.56144156829293,537.5135946636324,2.0,14.0,0.0
0903-6-hyf,36.0,word,1693733963.0198135,475.56144156829293,537.5135946636324,0.0,14.0,0.0
0903-6-hyf,36.0,word,1693733963.0518596,475.64364952506804,538.4851118746569,1.0,14.0,0.0
0903-6-hyf,36.0,word,1693733963.08332,470.4179334647905,538.2751233453168,6.0,14.0,0.0
0903-6-hyf,36.0,word,1693733963.1154966,465.27863633566375,539.0360285657954,6.082762530298219,14.0,0.0
0903-6-hyf,36.0,word,1693733963.1475322,460.1435450117608,539.7963110903931,6.082762530298219,14.0,0.0
0903-6-hyf,36.0,word,1693733963.1797454,455.7964312437521,539.6212299681125,5.0,14.0,0.0
0903-6-hyf,36.0,word,1693733963.2119136,451.4511065742147,539.4462209022317,5.0,14.0,0.0
0903-6-hyf,36.0,word,1693733963.2440517,448.75835002348384,538.371426062653,3.1622776601683795,14.0,0.0
0903-6-hyf,36.0,word,1693733963.2596328,446.15224535251946,538.2665838308028,3.0,14.0,0.0
0903-6-hyf,36.0,word,1693733963.2916522,444.5023056718946,539.1663561631407,2.23606797749979,14.0,0.0
0903-6-hyf,36.0,word,1693733963.4511015,471.3225811487277,667.9561018851099,136.194713553794,14.0,0.0
0903-6-hyf,36.0,word,1693733963.4835992,608.6324875471821,609.3308362985694,178.84630272946657,14.0,0.0
0903-6-hyf,36.0,word,1693733963.5158503,667.9240600034123,591.7683476525384,72.12489168102785,14.0,0.0
0903-6-hyf,36.0,word,1693733963.5320034,721.5337874697161,568.8600439152672,67.23094525588644,14.0,0.0
0903-6-hyf,36.0,word,1693733963.5636296,760.9367152156659,552.8911416747359,48.46648326421054,14.0,0.0
0903-6-hyf,36.0,word,1693733963.595938,789.2148091057571,542.2305447054088,34.17601498127012,14.0,0.0
0903-6-hyf,36.0,word,1693733963.6279368,806.0684978935947,535.0012038322672,20.615528128088304,14.0,0.0
0903-6-hyf,36.0,word,1693733963.6594098,817.6813043851516,531.4989220407982,13.601470508735444,14.0,0.0
0903-6-hyf,36.0,word,1693733963.6913106,824.8275867492209,528.8048353598339,8.54400374531753,14.0,0.0
0903-6-hyf,36.0,word,1693733963.723737,829.3222125176724,527.9881651347625,5.0990195135927845,14.0,0.0
0903-6-hyf,36.0,word,1693733963.7557807,814.9457660603618,530.4009739147571,16.278820596099706,14.0,0.0
0903-6-hyf,36.0,word,1693733963.7877753,802.3456397247717,530.8974803059599,14.0356688476182,14.0,0.0
0903-6-hyf,36.0,word,1693733963.8199017,796.9688812601606,531.6761169344352,6.082762530298219,14.0,0.0
0903-6-hyf,36.0,word,1693733963.8359263,785.2967026122884,532.2064503394466,13.038404810405298,14.0,0.0
0903-6-hyf,36.0,word,1693733963.8672988,771.9134362475495,534.6424288524015,15.297058540778355,14.0,0.0
0903-6-hyf,36.0,word,1693733963.8996265,758.5602131822232,537.0729389819417,15.297058540778355,14.0,0.0
0903-6-hyf,36.0,word,1693733963.9316337,746.0542760426589,537.5623949152873,14.0356688476182,14.0,0.0
0903-6-hyf,36.0,word,1693733963.9636595,734.5020671877395,539.0715575249797,13.152946437965904,14.0,0.0
0903-6-hyf,36.0,word,1693733963.9956837,755.1240724721451,540.8747267967672,23.021728866442675,14.0,0.0
0903-6-hyf,36.0,word,1693733964.0278308,827.9223014086214,543.7699749567071,81.0,14.0,0.0
0903-6-hyf,36.0,word,1693733964.0592165,949.4358833534187,546.6165645274846,134.01492454200763,14.0,0.0
0903-6-hyf,36.0,word,1693733964.0751436,1044.768093625868,547.4044466745595,104.04326023342406,14.0,0.0
0903-6-hyf,36.0,word,1693733964.107523,1105.756802735602,547.8121882037563,66.03029607687671,14.0,0.0
0903-6-hyf,36.0,word,1693733964.139664,1140.9883748918028,550.205730323233,38.01315561749642,14.0,0.0
0903-6-hyf,36.0,word,1693733964.1716695,1161.449844567503,551.013855148532,22.0,14.0,0.0
0903-6-hyf,36.0,word,1693733964.2032704,1174.5231476679428,550.5249460571118,14.0356688476182,14.0,0.0
0903-6-hyf,36.0,word,1693733964.2353573,1181.1175394634038,548.7729975059003,7.280109889280518,14.0,0.0
0903-6-hyf,36.0,word,1693733964.2674675,1185.8182531145105,547.9512376036336,5.0990195135927845,14.0,0.0
0903-6-hyf,36.0,word,1693733964.29963,1189.588399124371,547.0921702224277,4.123105625617661,14.0,0.0
0903-6-hyf,36.0,word,1693733964.3317811,1193.361104902304,546.2325195711712,4.123105625617661,14.0,0.0
0903-6-hyf,36.0,word,1693733964.3479686,1213.9025523862424,548.0468560321817,22.02271554554524,14.0,0.0
0903-6-hyf,36.0,word,1693733964.3793318,1234.518371542546,548.8563281858284,22.0,14.0,0.0
0903-6-hyf,36.0,word,1693733964.411441,1249.5361187340957,549.4459942121887,16.0,14.0,0.0
0903-6-hyf,36.0,word,1693733964.4435892,1260.7658749974823,550.897481971819,12.041594578792296,14.0,0.0
0903-6-hyf,36.0,word,1693733964.4756548,1270.1218271908288,552.2759210737884,10.04987562112089,14.0,0.0
0903-6-hyf,36.0,word,1693733964.5077813,1276.7087402041998,552.5351608635032,7.0,14.0,0.0
0903-6-hyf,36.0,word,1693733964.5391774,1311.5353496021814,554.9180455311378,37.01351104664349,14.0,0.0
0903-6-hyf,36.0,word,1693733964.5714664,1349.1778203846018,559.4411048291656,40.11234224026316,14.0,0.0
0903-6-hyf,36.0,word,1693733964.5873623,1379.5193661656303,560.6408392080149,32.0,14.0,0.0
0903-6-hyf,36.0,word,1693733964.619541,1402.259114025672,562.555037454095,24.020824298928627,14.0,0.0
0903-6-hyf,36.0,word,1693733964.6516824,1417.4901364988425,563.1579877061217,16.0,14.0,0.0
0903-6-hyf,36.0,word,1693733964.6839087,1427.020209151877,563.5352545454361,10.0,14.0,0.0
0903-6-hyf,36.0,word,1693733964.7158349,1434.650193036151,563.8373025999307,8.0,14.0,0.0
0903-6-hyf,36.0,word,1693733964.7472453,1439.4216104439427,564.026188627354,5.0,14.0,0.0
0903-6-hyf,36.0,word,1693733964.7797122,1442.2071706842337,565.153006141727,3.1622776601683795,14.0,0.0
0903-6-hyf,36.0,word,1693733964.8119855,1456.5890587604479,589.0256114110963,28.600699292150185,14.0,0.0
0903-6-hyf,36.0,word,1693733964.923899,1295.8750357449917,687.8261689956514,195.8187937865005,14.0,0.0
0903-6-hyf,36.0,word,1693733964.9558167,1262.567673797906,875.1919740494473,203.66639388961548,14.0,0.0
0903-6-hyf,36.0,word,1693733964.9870996,1172.5042731811463,860.385519878552,102.59142264341595,14.0,0.0
0903-6-hyf,36.0,word,1693733965.019232,1097.8353395881152,801.7676507003813,104.86181383134664,14.0,0.0
0903-6-hyf,36.0,word,1693733965.0515902,1022.4093142183197,719.0028005156454,120.91732712891069,14.0,0.0
0903-6-hyf,36.0,word,1693733965.084027,969.7726117442613,665.3601514343005,79.98124780221924,14.0,0.0
0903-6-hyf,36.0,word,1693733965.1150963,940.9647564095503,639.1461047976005,41.23105625617661,14.0,0.0
0903-6-hyf,36.0,word,1693733965.1478093,926.4975535348266,625.9815034604211,20.615528128088304,14.0,0.0
0903-6-hyf,36.0,word,1693733965.163049,919.253198721165,619.8686760938788,10.0,14.0,0.0
0903-6-hyf,36.0,word,1693733965.211625,914.7400020403295,617.7390750231251,5.385164807134504,14.0,0.0
0903-6-hyf,36.0,word,1693733965.227647,912.0338607461522,616.654772811106,3.1622776601683795,14.0,0.0
0903-6-hyf,36.0,word,1693733965.2593293,909.3513441416914,617.5071512819541,3.1622776601683795,14.0,0.0
0903-6-hyf,36.0,word,1693733965.2913306,906.6580244717757,617.3912328499872,3.0,14.0,0.0
0903-6-hyf,36.0,word,1693733965.323369,911.1356417189984,616.6161544443852,5.0990195135927845,14.0,0.0
0903-6-hyf,36.0,word,1693733965.3553932,914.7289666925818,616.7706472099375,4.0,14.0,0.0
0903-6-hyf,36.0,word,1693733965.3875306,917.4247461327607,616.8865505652127,3.0,14.0,0.0
0903-6-hyf,36.0,word,1693733965.4034994,919.2223067140862,616.9638355610031,2.0,14.0,0.0
0903-6-hyf,36.0,word,1693733965.4358034,920.1110422745179,616.0335332633031,1.4142135623730951,14.0,0.0
0903-6-hyf,36.0,word,1693733965.467226,921.0101568414361,616.0721497820856,1.0,14.0,0.0
0903-6-hyf,36.0,word,1693733965.499734,921.8994802199194,615.1414337917734,1.4142135623730951,14.0,0.0
0903-6-hyf,36.0,word,1693733965.5317025,922.798891811849,615.1800226899035,1.0,14.0,0.0
0903-6-hyf,36.0,word,1693733965.5637674,923.688803481493,614.2488927113569,1.4142135623730951,14.0,0.0
0903-6-hyf,36.0,word,1693733965.5951507,924.5885122823772,614.2874539567536,1.0,14.0,0.0
0903-6-hyf,36.0,word,1693733965.6279671,922.7794443570889,613.2403282885889,2.23606797749979,14.0,0.0
0903-6-hyf,36.0,word,1693733965.6591904,920.9801072085863,613.1632900777208,2.0,14.0,0.0
0903-6-hyf,36.0,word,1693733965.6912222,918.2816639351702,613.047756842559,3.0,14.0,0.0
0903-6-hyf,36.0,word,1693733965.7072396,886.8575531093943,667.3231229914643,68.26419266350405,14.0,0.0
0903-6-hyf,36.0,word,1693733965.8353572,980.5779995346488,853.6742509628077,223.2353018677825,14.0,0.0
0903-6-hyf,36.0,word,1693733965.867457,1062.0340965000496,890.2366334612665,100.65783625729296,14.0,0.0
0903-6-hyf,36.0,word,1693733965.899044,1068.0967499700018,892.3494089906674,7.280109889280518,14.0,0.0
0903-6-hyf,36.0,word,1693733965.9321067,1056.1111912676397,877.4417598811892,21.2602916254693,14.0,0.0
0903-6-hyf,36.0,word,1693733965.9632998,1028.6891219730207,824.6734935754471,65.36818798161687,14.0,0.0
0903-6-hyf,36.0,word,1693733965.9955983,992.9316107125319,752.1690111131502,87.23531395025755,14.0,0.0
0903-6-hyf,36.0,word,1693733966.0117617,965.3939463901161,700.2942461089426,62.26556030423239,14.0,0.0
0903-6-hyf,36.0,word,1693733966.0431223,950.9932831404928,668.3285392940927,36.6742416417845,14.0,0.0
0903-6-hyf,36.0,word,1693733966.0750718,941.9212727896781,647.8365953410344,23.259406699226016,14.0,0.0
0903-6-hyf,36.0,word,1693733966.107104,935.5587790598895,636.0207299741029,13.892443989449804,14.0,0.0
0903-6-hyf,36.0,word,1693733966.139047,932.8105059222484,629.1522249994321,7.615773105863909,14.0,0.0
0903-6-hyf,36.0,word,1693733966.171453,966.1295757852099,643.1416787290759,39.21734310225516,14.0,0.0
0903-6-hyf,36.0,word,1693733966.2036362,1053.9954686817757,695.8953591352732,110.47624178980746,14.0,0.0
0903-6-hyf,36.0,word,1693733966.219827,1307.9032043061786,911.0131329220999,365.0,14.0,0.0
0903-6-hyf,36.0,word,1693733966.251238,1557.6738640624924,1188.0255831239317,433.4708756075776,14.0,0.0
0903-6-hyf,36.0,word,1693733966.283396,1657.17165104146,1309.3235923736738,192.46298345396187,14.0,0.0
0903-6-hyf,36.0,word,1693733966.3153207,1689.9074022450784,1355.185822116122,71.06335201775947,14.0,0.0
0903-6-hyf,36.0,word,1693733966.347325,1703.1926423884877,1377.2825415686352,33.015148038438355,14.0,0.0
0903-6-hyf,36.0,word,1693733966.3794434,1710.2812750994283,1387.9243848592591,16.401219466856727,14.0,0.0
0903-6-hyf,36.0,word,1693733966.411627,1791.3852706778332,1521.8167213530867,205.8761763779384,14.0,0.0
0903-6-hyf,36.0,word,1693733966.4439688,1858.096004851971,1643.0361019248494,189.992105099133,14.0,0.0
0903-6-hyf,36.0,word,1693733966.475313,1887.0538900782933,1702.6679841661291,94.15412895885127,14.0,0.0
0903-6-hyf,36.0,word,1693733966.4912877,1898.3684502271553,1725.9084192189207,37.21558813185679,14.0,0.0
0903-6-hyf,36.0,word,1693733966.5235136,1900.8658441121052,1734.4212827281747,13.0,14.0,0.0
0903-6-hyf,36.0,word,1693733966.555669,1907.666453033084,1741.9254093271788,14.142135623730953,14.0,0.0
0903-6-hyf,36.0,word,1693733966.58794,1911.7399364421854,1746.4202914114198,8.48528137423857,14.0,0.0
0903-6-hyf,36.0,word,1693733966.619187,1913.1171863329107,1752.034884592757,8.54400374531753,14.0,0.0
0903-6-hyf,36.0,word,1693733966.763215,1835.564498541308,1643.2145316034223,187.72320048411703,14.0,0.0
0903-6-hyf,36.0,word,1693733966.79529,1886.6350243807096,1619.7142224278298,68.24221567329127,14.0,0.0
0903-6-hyf,36.0,word,1693733966.8274162,1867.3238103584595,1525.0344270348908,134.08206442324789,14.0,0.0
0903-6-hyf,36.0,word,1693733966.8597116,1845.730607312675,1416.1060627284594,148.62705002791384,14.0,0.0
0903-6-hyf,36.0,word,1693733966.8917394,1827.941788860586,1339.306911164333,102.18121158021177,14.0,0.0
0903-6-hyf,36.0,word,1693733966.9231462,1815.0889215349107,1293.4004134802751,60.53924347066124,14.0,0.0
0903-6-hyf,36.0,word,1693733966.9552062,1806.1532713059178,1265.927733340954,36.24913792078372,14.0,0.0
0903-6-hyf,36.0,word,1693733966.9875236,1789.0885201616481,1238.4766282822482,40.0,14.0,0.0
0903-6-hyf,36.0,word,1693733967.0192263,1776.0986716287994,1224.367088355264,23.345235059857504,14.0,0.0
0903-6-hyf,36.0,word,1693733967.035142,1767.898897967424,1219.6655098717686,11.180339887498947,14.0,0.0
0903-6-hyf,36.0,word,1693733967.0671418,1764.6172401966862,1217.7838760362183,4.47213595499958,14.0,0.0
0903-6-hyf,36.0,word,1693733967.0995953,1762.2157059287683,1215.961666247808,3.605551275463989,14.0,0.0
0903-6-hyf,36.0,word,1693733967.1318176,1760.453528735713,1215.8416764351953,2.0,14.0,0.0
0903-6-hyf,36.0,word,1693733967.163611,1759.692878928662,1214.960350419681,1.4142135623730951,14.0,0.0
0903-6-hyf,36.0,word,1693733967.1958337,1760.453528735713,1215.8416764351953,1.4142135623730951,14.0,0.0
0903-6-hyf,36.0,word,1693733967.2278347,1759.5725440005376,1215.781688600995,1.0,14.0,0.0
0903-6-hyf,36.0,word,1693733967.2595737,1760.3330900095361,1216.662783447187,1.4142135623730951,14.0,0.0
0903-6-hyf,36.0,word,1693733967.291651,1760.3330900095361,1216.662783447187,0.0,14.0,0.0
0903-6-hyf,36.0,word,1693733967.3076828,1760.453528735713,1215.8416764351953,1.0,14.0,0.0
0903-6-hyf,36.0,word,1693733967.3399568,1759.5725440005376,1215.781688600995,1.0,14.0,0.0
0903-6-hyf,36.0,word,1693733967.371122,1759.692878928662,1214.960350419681,1.0,14.0,0.0
0903-6-hyf,36.0,word,1693733967.403574,1759.8132511093477,1214.1387579734408,1.0,14.0,0.0
0903-6-hyf,36.0,word,1693733967.43571,1759.0523217494053,1213.2569970561592,1.4142135623730951,14.0,0.0
0903-6-hyf,36.0,word,1693733967.4680002,1759.1726272950343,1212.4349187707091,1.0,14.0,0.0
0903-6-hyf,36.0,word,1693733967.4992988,1758.29121660156,1212.3750324367857,1.0,14.0,0.0
0903-6-hyf,36.0,word,1693733967.531609,1757.52993560489,1211.492864044723,1.4142135623730951,14.0,0.0
0903-6-hyf,36.0,word,1693733967.5636384,1756.7684786984435,1210.6104918093429,1.4142135623730951,14.0,0.0
0903-6-hyf,36.0,word,1693733967.5800118,1756.7684786984435,1210.6104918093429,0.0,14.0,0.0
0903-6-hyf,36.0,word,1693733967.6120117,1756.0068458212425,1209.7279156599832,1.4142135623730951,14.0,0.0
0903-6-hyf,36.0,word,1693733967.644017,1756.0068458212425,1209.7279156599832,0.0,14.0,0.0
0903-6-hyf,36.0,word,1693733967.6750622,1756.0068458212425,1209.7279156599832,0.0,14.0,0.0
0903-6-hyf,36.0,word,1693733967.707385,1756.0068458212425,1209.7279156599832,0.0,14.0,0.0
0903-6-hyf,36.0,word,1693733967.739074,1755.1252887625767,1209.6681173785892,1.0,14.0,0.0
0903-6-hyf,36.0,word,1693733967.7720823,1755.1252887625767,1209.6681173785892,0.0,14.0,0.0
0903-6-hyf,36.0,word,1693733967.8039584,1755.245036912281,1208.8451355259508,1.0,14.0,0.0
0903-6-hyf,36.0,word,1693733967.8353229,1755.245036912281,1208.8451355259508,0.0,14.0,0.0
0903-6-hyf,36.0,word,1693733967.8512905,1755.3648221643468,1208.0218986833986,1.0,14.0,0.0
0903-6-hyf,36.0,word,1693733967.8838644,1755.3648221643468,1208.0218986833986,0.0,14.0,0.0
0903-6-hyf,36.0,word,1693733967.9159627,1755.3648221643468,1208.0218986833986,0.0,14.0,0.0
0903-6-hyf,36.0,word,1693733967.9479668,1755.4846445360208,1207.1984067324072,1.0,14.0,0.0
0903-6-hyf,36.0,word,1693733967.9793432,1755.4846445360208,1207.1984067324072,0.0,14.0,0.0
0903-6-hyf,36.0,word,1693733968.0114973,1755.6045040445592,1206.3746595543762,1.0,14.0,0.0
0903-6-hyf,36.0,word,1693733968.043835,1755.88699353818,1210.5506657321903,5.0990195135927845,14.0,0.0
0903-6-hyf,36.0,word,1693733968.155732,1714.5958662011533,1245.6320855765337,61.61980201201558,14.0,0.0
0903-6-hyf,36.0,word,1693733968.1870549,1781.2511840057412,1397.203012923299,210.38060747131613,14.0,0.0
0903-6-hyf,36.0,word,1693733968.2206604,1775.8478813435215,1387.4499932625965,14.422205101855956,14.0,0.0
0903-6-hyf,36.0,word,1693733968.2516603,1776.4235558466444,1378.1190356590143,12.041594578792296,14.0,0.0
0903-6-hyf,36.0,word,1693733968.283069,1773.3787084495452,1352.7342131892462,32.984845004941285,14.0,0.0
0903-6-hyf,36.0,word,1693733968.3151815,1767.3855141146184,1311.720346513242,52.88667128870941,14.0,0.0
0903-6-hyf,36.0,word,1693733968.3477015,1759.9559018571154,1273.2662492670047,49.33558553417604,14.0,0.0
0903-6-hyf,36.0,word,1693733968.3799474,1759.8849578644204,1243.8605827980634,36.345563690772494,14.0,0.0
0903-6-hyf,36.0,word,1693733968.4112284,1758.3712398115706,1223.981111770601,24.515301344262525,14.0,0.0
0903-6-hyf,36.0,word,1693733968.4432256,1759.2929700999662,1211.6125858829957,15.033296378372908,14.0,0.0
0903-6-hyf,36.0,word,1693733968.4596193,1760.4984512248834,1203.3752278199493,10.0,14.0,0.0
0903-6-hyf,36.0,word,1693733968.491565,1762.1074236042257,1198.4800336616966,6.082762530298219,14.0,0.0
0903-6-hyf,36.0,word,1693733968.523958,1762.7134043585957,1194.3439516573626,5.0,14.0,0.0
0903-6-hyf,36.0,word,1693733968.5552363,1762.071178134405,1192.628386230033,2.23606797749979,14.0,0.0
0903-6-hyf,36.0,word,1693733968.588493,1761.4286032789662,1190.911889511368,2.23606797749979,14.0,0.0
0903-6-hyf,36.0,word,1693733968.619555,1759.900437447137,1189.1352360009337,2.8284271247461903,14.0,0.0
0903-6-hyf,36.0,word,1693733968.6512291,1760.0214031785156,1188.305796588142,1.0,14.0,0.0
0903-6-hyf,36.0,word,1693733968.6836803,1759.0152652856445,1189.076015935481,1.4142135623730951,14.0,0.0
0903-6-hyf,36.0,word,1693733968.6998749,1758.8944795423588,1189.905173932895,1.0,14.0,0.0
0903-6-hyf,36.0,word,1693733968.7318947,1758.773731346549,1190.7340741781188,1.0,14.0,0.0
0903-6-hyf,36.0,word,1693733968.7633247,1758.6530206807097,1191.5627167913215,1.0,14.0,0.0
0903-6-hyf,36.0,word,1693733968.7957902,1757.7683453391455,1191.5034308812658,1.0,14.0,0.0
0903-6-hyf,36.0,word,1693733968.827068,1757.6478144038815,1192.3317925106433,1.0,14.0,0.0
0903-6-hyf,36.0,word,1693733968.8595564,1758.4117118689755,1193.2192296019632,1.4142135623730951,14.0,0.0
0903-6-hyf,36.0,word,1693733968.891584,1758.2911136881248,1194.0471000393668,1.0,14.0,0.0
0903-6-hyf,36.0,word,1693733968.9236083,1758.1705529673322,1194.8747133246775,1.0,14.0,0.0
0903-6-hyf,36.0,word,1693733968.9395828,1758.1705529673322,1194.8747133246775,0.0,14.0,0.0
0903-6-hyf,36.0,word,1693733968.971769,1758.0500296891464,1195.7020695776907,1.0,14.0,0.0
0903-6-hyf,36.0,word,1693733969.0038831,1757.8090953908468,1197.3560114656364,2.0,14.0,0.0
0903-6-hyf,36.0,word,1693733969.0351307,1758.5722928589314,1198.2420752254798,1.4142135623730951,14.0,0.0
0903-6-hyf,36.0,word,1693733969.0674374,1758.4517773015116,1199.0684278795716,1.0,14.0,0.0
0903-6-hyf,36.0,word,1693733969.099891,1759.0941109968585,1200.7799164789587,2.23606797749979,14.0,0.0
0903-6-hyf,36.0,word,1693733969.1318915,1758.973565829382,1201.6055234186338,1.0,14.0,0.0
