username,iteration,phase,time,gaze_x,gaze_y,speed,matrix_x,matrix_y
0905-2-fwh,2.0,word,1693883735.8680513,826.8544229101767,376.16259142193456,4.123105625617661,2.0,0.0
0905-2-fwh,2.0,word,1693883735.9020512,829.6998473725525,376.1826575682922,3.0,2.0,0.0
0905-2-fwh,2.0,word,1693883735.9440498,830.6733702174209,375.20713999970445,1.4142135623730951,2.0,0.0
0905-2-fwh,2.0,word,1693883735.959393,829.7500557633317,374.2182582166952,1.4142135623730951,2.0,0.0
0905-2-fwh,2.0,word,1693883735.991511,830.6733702174209,375.20713999970445,1.4142135623730951,2.0,0.0
0905-2-fwh,2.0,word,1693883736.0234427,831.6217683101936,375.21383860029687,1.0,2.0,0.0
0905-2-fwh,2.0,word,1693883736.0558908,832.570146272093,375.2205370587037,1.0,2.0,0.0
0905-2-fwh,2.0,word,1693883736.0878232,832.5952010561515,374.2383849495993,1.0,2.0,0.0
0905-2-fwh,2.0,word,1693883736.119989,832.5952010561515,374.2383849495993,0.0,2.0,0.0
0905-2-fwh,2.0,word,1693883736.1512656,834.4668418058336,375.23393354897803,2.23606797749979,2.0,0.0
0905-2-fwh,2.0,word,1693883736.1678994,837.2867601407875,376.23616104519795,3.1622776601683795,2.0,0.0
0905-2-fwh,2.0,word,1693883736.1991987,832.570146272093,375.2205370587037,5.0990195135927845,2.0,0.0
0905-2-fwh,2.0,word,1693883736.2311983,807.1353265249033,368.1633137992715,27.892651361962702,2.0,0.0
0905-2-fwh,2.0,word,1693883736.263263,761.8588196984737,357.03018690091676,49.24428900898052,2.0,0.0
0905-2-fwh,2.0,word,1693883736.295582,723.3936150149109,339.0629809158754,44.77722635447622,2.0,0.0
0905-2-fwh,2.0,word,1693883736.3279293,697.275118034793,321.1856952392792,33.28663395418648,2.0,0.0
0905-2-fwh,2.0,word,1693883736.3593388,677.6449651935575,309.2503838870103,24.186773244895647,2.0,0.0
0905-2-fwh,2.0,word,1693883736.3917167,664.5577680533962,301.29324907203164,16.1245154965971,2.0,0.0
0905-2-fwh,2.0,word,1693883736.4238298,656.1684413015952,295.336587888292,10.816653826391969,2.0,0.0
0905-2-fwh,2.0,word,1693883736.4400654,650.5756137094615,291.36552083952563,7.211102550927978,2.0,0.0
0905-2-fwh,2.0,word,1693883736.4874234,645.9337815248837,287.4021213552834,6.4031242374328485,2.0,0.0
0905-2-fwh,2.0,word,1693883736.503425,643.1657159071711,284.43539809133097,4.242640687119285,2.0,0.0
0905-2-fwh,2.0,word,1693883736.5357158,644.1449201434591,283.4618689812025,1.4142135623730951,2.0,0.0
0905-2-fwh,2.0,word,1693883736.5678763,652.7304474750024,282.54988248421694,9.055385138137416,2.0,0.0
0905-2-fwh,2.0,word,1693883736.6001189,658.4623974736578,281.615017595653,6.082762530298219,2.0,0.0
0905-2-fwh,2.0,word,1693883736.6312494,663.2150393856547,281.65348940730354,5.0,2.0,0.0
0905-2-fwh,2.0,word,1693883736.663285,659.4129662232324,281.62271228474833,4.0,2.0,0.0
0905-2-fwh,2.0,word,1693883736.6953535,633.7405232131107,281.4148983129861,27.0,2.0,0.0
0905-2-fwh,2.0,word,1693883736.711329,593.7180697115194,283.05477766811595,42.04759208325728,2.0,0.0
0905-2-fwh,2.0,word,1693883736.7433295,556.5156784754153,284.7192464942399,39.05124837953327,2.0,0.0
0905-2-fwh,2.0,word,1693883736.7756767,528.8454629729916,285.47922638132115,29.017236257093817,2.0,0.0
0905-2-fwh,2.0,word,1693883736.807827,513.5042391258436,318.79464731694236,37.16180835212409,2.0,0.0
0905-2-fwh,2.0,word,1693883736.9033215,425.81504640748483,489.02135325754386,193.19679086361657,2.0,0.0
0905-2-fwh,2.0,word,1693883736.9356377,422.5912322782374,470.1846163063803,19.4164878389476,2.0,0.0
0905-2-fwh,2.0,word,1693883736.9681191,493.95143270067723,333.41238059631115,155.63097378092831,2.0,0.0
0905-2-fwh,2.0,word,1693883736.984076,492.2270239873376,327.4913857851078,6.324555320336759,2.0,0.0
0905-2-fwh,2.0,word,1693883737.015705,490.4719529007139,322.55552653560915,5.385164807134504,2.0,0.0
0905-2-fwh,2.0,word,1693883737.0479696,488.74807349615634,316.63626126320696,6.324555320336759,2.0,0.0
0905-2-fwh,2.0,word,1693883737.080068,486.9624808540599,312.685692661439,4.47213595499958,2.0,0.0
0905-2-fwh,2.0,word,1693883737.112085,485.1770548085883,308.73549264956125,4.47213595499958,2.0,0.0
0905-2-fwh,2.0,word,1693883737.143221,484.284404252301,306.76053084871137,2.23606797749979,2.0,0.0
0905-2-fwh,2.0,word,1693883737.1768217,494.81583875223055,305.8588181477478,11.04536101718726,2.0,0.0
0905-2-fwh,2.0,word,1693883737.207972,512.0235609227776,305.0095827057894,18.027756377319943,2.0,0.0
0905-2-fwh,2.0,word,1693883737.2401495,529.2241097042645,304.1607012849018,18.027756377319943,2.0,0.0
0905-2-fwh,2.0,word,1693883737.2555735,545.4641552786821,303.3046969743416,17.029386365926403,2.0,0.0
0905-2-fwh,2.0,word,1693883737.287796,559.7917716680046,302.4340620672111,15.033296378372908,2.0,0.0
0905-2-fwh,2.0,word,1693883737.3200622,575.0670258207538,301.57122692752597,16.0312195418814,2.0,0.0
0905-2-fwh,2.0,word,1693883737.352141,632.3054868125605,298.0930166340706,60.13318551349163,2.0,0.0
0905-2-fwh,2.0,word,1693883737.3834083,705.7213259822194,290.82489447214607,77.41446893184762,2.0,0.0
0905-2-fwh,2.0,word,1693883737.415872,759.1104835742408,282.42974638926955,56.71860364994893,2.0,0.0
0905-2-fwh,2.0,word,1693883737.4480474,790.5011061669164,278.76515717238226,33.24154027718932,2.0,0.0
0905-2-fwh,2.0,word,1693883737.48011,811.3713342345437,277.95565027401966,22.02271554554524,2.0,0.0
0905-2-fwh,2.0,word,1693883737.511229,861.5967451313796,276.4074413028487,53.03772242470448,2.0,0.0
0905-2-fwh,2.0,word,1693883737.5281994,939.1841015711308,274.10795274011076,82.05485969764375,2.0,0.0
0905-2-fwh,2.0,word,1693883737.5595057,991.0997464585504,274.53388936287456,55.0,2.0,0.0
0905-2-fwh,2.0,word,1693883737.5917828,1023.1411135711414,275.7736491897543,34.0147027033899,2.0,0.0
0905-2-fwh,2.0,word,1693883737.6237829,1042.0341650928162,273.975135383856,20.09975124224178,2.0,0.0
0905-2-fwh,2.0,word,1693883737.655361,1052.4192716599039,273.08395871653954,11.04536101718726,2.0,0.0
0905-2-fwh,2.0,word,1693883737.6874025,1059.0130908380754,273.13820150500584,7.0,2.0,0.0
0905-2-fwh,2.0,word,1693883737.719815,1054.324528708444,272.12319130313296,5.0990195135927845,2.0,0.0
0905-2-fwh,2.0,word,1693883737.752042,1049.6356292230207,271.10810806830006,5.0990195135927845,2.0,0.0
0905-2-fwh,2.0,word,1693883737.7680254,1046.8093255218844,271.084796103018,3.0,2.0,0.0
0905-2-fwh,2.0,word,1693883737.800018,1045.8671844608516,271.07702511941966,1.0,2.0,0.0
0905-2-fwh,2.0,word,1693883737.832019,1044.0042275708036,270.0851702932333,2.23606797749979,2.0,0.0
0905-2-fwh,2.0,word,1693883737.8641088,1045.8885372053164,270.1007331275371,2.0,2.0,0.0
0905-2-fwh,2.0,word,1693883737.895327,1076.968149585347,270.3574249412579,33.0,2.0,0.0
0905-2-fwh,2.0,word,1693883737.9273455,1134.3613251731863,270.8314449565879,61.0,2.0,0.0
0905-2-fwh,2.0,word,1693883737.9594274,1185.1067449004943,271.25056002367904,54.0,2.0,0.0
0905-2-fwh,2.0,word,1693883737.9913185,1220.7818319479306,271.545206645615,38.0,2.0,0.0
0905-2-fwh,2.0,word,1693883738.023433,1244.2366916298367,271.73892432776285,25.0,2.0,0.0
0905-2-fwh,2.0,word,1693883738.0558252,1260.178933655744,271.87059402075533,17.0,2.0,0.0
0905-2-fwh,2.0,word,1693883738.0718498,1249.8461463563654,272.7594877917992,11.04536101718726,2.0,0.0
0905-2-fwh,2.0,word,1693883738.1039765,1234.8199769911166,273.6099797069684,16.0312195418814,2.0,0.0
0905-2-fwh,2.0,word,1693883738.1354373,1227.3321844355505,272.5737877559369,8.06225774829855,2.0,0.0
0905-2-fwh,2.0,word,1693883738.167612,1223.5787492552397,272.54282860933967,4.0,2.0,0.0
0905-2-fwh,2.0,word,1693883738.1999867,1221.7019128924937,272.527348056379,2.0,2.0,0.0
0905-2-fwh,2.0,word,1693883738.2318716,1218.886509868541,272.5041260022442,3.0,2.0,0.0
0905-2-fwh,2.0,word,1693883738.2633293,1279.5523742104765,236.99144698570043,73.92563831310488,2.0,0.0
0905-2-fwh,2.0,word,1693883738.3751955,1144.6401770818677,320.7024347530287,166.5322791533221,2.0,0.0
0905-2-fwh,2.0,word,1693883738.407334,1142.797870826936,318.7342207055914,2.8284271247461903,2.0,0.0
0905-2-fwh,2.0,word,1693883738.439616,1206.647155185717,274.3526848122426,81.27115109311545,2.0,0.0
0905-2-fwh,2.0,word,1693883738.4717093,1205.7269825827896,273.37033307249254,1.4142135623730951,2.0,0.0
0905-2-fwh,2.0,word,1693883738.503847,1204.788182057645,273.36259992604715,1.0,2.0,0.0
0905-2-fwh,2.0,word,1693883738.535841,1202.9291930754412,272.37250659597686,2.23606797749979,2.0,0.0
0905-2-fwh,2.0,word,1693883738.5672934,1195.417886750133,272.3105517139846,8.0,2.0,0.0
0905-2-fwh,2.0,word,1693883738.599301,1184.186530884898,270.26803899979643,12.16552506059644,2.0,0.0
0905-2-fwh,2.0,word,1693883738.6154156,1171.9944755234774,269.1921872516001,13.038404810405298,2.0,0.0
0905-2-fwh,2.0,word,1693883738.6476283,1161.6981821526695,267.156750691039,11.180339887498947,2.0,0.0
0905-2-fwh,2.0,word,1693883738.6796277,1152.3009291574506,267.07872547267687,10.0,2.0,0.0
0905-2-fwh,2.0,word,1693883738.711926,1144.7816982993102,267.0162934374938,8.0,2.0,0.0
0905-2-fwh,2.0,word,1693883738.7433004,1139.161198967759,265.9943422610592,6.082762530298219,2.0,0.0
0905-2-fwh,2.0,word,1693883738.775607,1133.520324068456,265.9474444025438,6.0,2.0,0.0
0905-2-fwh,2.0,word,1693883738.807634,1129.7593437693322,265.9161758626282,4.0,2.0,0.0
0905-2-fwh,2.0,word,1693883738.839651,1125.9780637952756,266.86016720688934,4.123105625617661,2.0,0.0
0905-2-fwh,2.0,word,1693883738.855908,1123.1568336495584,266.8367425850044,3.0,2.0,0.0
0905-2-fwh,2.0,word,1693883738.887244,1121.2558512922153,267.7964715699468,2.23606797749979,2.0,0.0
0905-2-fwh,2.0,word,1693883738.9195428,1119.3748203342807,267.780874006108,2.0,2.0,0.0
0905-2-fwh,2.0,word,1693883738.9514573,1117.4937099249576,267.76527578345605,2.0,2.0,0.0
0905-2-fwh,2.0,word,1693883738.9833772,1116.5329809778088,268.73290636161863,1.4142135623730951,2.0,0.0
0905-2-fwh,2.0,word,1693883739.016868,1115.59236004904,268.7251170075661,1.0,2.0,0.0
0905-2-fwh,2.0,word,1693883739.0478604,1114.651719254233,268.7173274890013,1.0,2.0,0.0
0905-2-fwh,2.0,word,1693883739.0798306,1113.7312507320084,267.7340773615453,1.4142135623730951,2.0,0.0
0905-2-fwh,2.0,word,1693883739.112092,1113.7110585927583,268.7095378059191,1.0,2.0,0.0
0905-2-fwh,2.0,word,1693883739.143245,1111.8296776672883,268.69395794618185,2.0,2.0,0.0
0905-2-fwh,2.0,word,1693883739.1593342,1110.8889574020343,268.6861677695162,1.0,2.0,0.0
0905-2-fwh,2.0,word,1693883739.1915722,1109.9279601793326,269.65391143312365,1.4142135623730951,2.0,0.0
0905-2-fwh,2.0,word,1693883739.2240405,1108.987184106282,269.6461310986109,1.0,2.0,0.0
0905-2-fwh,2.0,word,1693883739.2554402,1108.046388162113,269.63835059976157,1.0,2.0,0.0
0905-2-fwh,2.0,word,1693883739.287325,1107.105572346195,269.6305699365704,1.0,2.0,0.0
0905-2-fwh,2.0,word,1693883739.3196282,1106.1647366579,269.6227891090322,1.0,2.0,0.0
0905-2-fwh,2.0,word,1693883739.351336,1103.3624799364459,268.6238404323765,3.1622776601683795,2.0,0.0
0905-2-fwh,2.0,word,1693883739.3832197,1098.6373356703707,269.560536571609,5.0990195135927845,2.0,0.0
0905-2-fwh,2.0,word,1693883739.415676,1094.8936723935963,268.5537095875944,4.123105625617661,2.0,0.0
0905-2-fwh,2.0,word,1693883739.447748,1092.0703787306263,268.53032967623744,3.0,2.0,0.0
0905-2-fwh,2.0,word,1693883739.463791,1088.3057088321327,268.49915415607467,4.0,2.0,0.0
0905-2-fwh,2.0,word,1693883739.4957016,1085.461322529124,269.45156931285356,3.1622776601683795,2.0,0.0
0905-2-fwh,2.0,word,1693883739.527958,1083.5787167879853,269.4359999304668,2.0,2.0,0.0
0905-2-fwh,2.0,word,1693883739.5594378,1084.4993377221479,270.419626307178,1.4142135623730951,2.0,0.0
0905-2-fwh,2.0,word,1693883739.5924742,1087.3232051012799,270.4429491089682,3.0,2.0,0.0
0905-2-fwh,2.0,word,1693883739.6237748,1088.2644544542552,270.45072304773635,1.0,2.0,0.0
0905-2-fwh,2.0,word,1693883739.655774,1090.1468935038833,270.4662704325608,2.0,2.0,0.0
0905-2-fwh,2.0,word,1693883739.6880522,1091.088083201797,270.4740438786276,1.0,2.0,0.0
0905-2-fwh,2.0,word,1693883739.7040522,1092.9704029469729,270.48959027809633,2.0,2.0,0.0
0905-2-fwh,2.0,word,1693883739.7355664,1093.9115329954957,270.49736323150864,1.0,2.0,0.0
0905-2-fwh,2.0,word,1693883739.767835,1095.793733447561,270.5129086457151,2.0,2.0,0.0
0905-2-fwh,2.0,word,1693883739.7999918,1097.6758543771857,270.5284534031323,2.0,2.0,0.0
0905-2-fwh,2.0,word,1693883739.8320606,1099.5374605295876,271.5197091847901,2.23606797749979,2.0,0.0
0905-2-fwh,2.0,word,1693883739.8641286,1105.1832041619584,271.5662765014929,6.0,2.0,0.0
0905-2-fwh,2.0,word,1693883739.895574,1117.39306372191,272.6427033872164,13.038404810405298,2.0,0.0
0905-2-fwh,2.0,word,1693883739.927804,1130.5403859785495,273.72660707619804,14.0356688476182,2.0,0.0
0905-2-fwh,2.0,word,1693883739.943832,1144.604719223803,275.79330528304394,15.132745950421556,2.0,0.0
0905-2-fwh,2.0,word,1693883739.9758923,1154.9059393195912,277.82872531171927,11.180339887498947,2.0,0.0
0905-2-fwh,2.0,word,1693883740.0078382,1164.2850289061605,278.88086784689364,10.04987562112089,2.0,0.0
0905-2-fwh,2.0,word,1693883740.0398748,1170.88207572394,277.9594498363629,7.071067811865476,2.0,0.0
0905-2-fwh,2.0,word,1693883740.0713468,1176.538466405278,277.0305016038792,6.082762530298219,2.0,0.0
0905-2-fwh,2.0,word,1693883740.1034791,1181.2165209662137,278.0440112977551,5.0990195135927845,2.0,0.0
0905-2-fwh,2.0,word,1693883740.1357074,1184.0155940685845,279.042096761978,3.1622776601683795,2.0,0.0
0905-2-fwh,2.0,word,1693883740.168694,1186.8145842120355,280.04015264494734,3.1622776601683795,2.0,0.0
0905-2-fwh,2.0,word,1693883740.1997187,1201.8034458068207,282.11260688355344,16.1245154965971,2.0,0.0
0905-2-fwh,2.0,word,1693883740.2157176,1225.2360145337993,284.2530692848451,25.079872407968907,2.0,0.0
0905-2-fwh,2.0,word,1693883740.2477992,1245.8255066693005,287.34438424899764,22.20360331117452,2.0,0.0
0905-2-fwh,2.0,word,1693883740.2799375,1261.7360726597697,289.4222800646331,17.11724276862369,2.0,0.0
0905-2-fwh,2.0,word,1693883740.3118603,1274.846704917632,290.5025206862968,14.0356688476182,2.0,0.0
0905-2-fwh,2.0,word,1693883740.3441305,1284.2216941236632,290.5779986082161,10.0,2.0,0.0
0905-2-fwh,2.0,word,1693883740.3754735,1290.7486487443248,292.5793824682189,7.280109889280518,2.0,0.0
0905-2-fwh,2.0,word,1693883740.407583,1296.3720547311564,292.62453316591206,6.0,2.0,0.0
0905-2-fwh,2.0,word,1693883740.4398994,1301.057682969086,292.6621543841859,5.0,2.0,0.0
0905-2-fwh,2.0,word,1693883740.4717956,1303.8688228190888,292.68472521151693,3.0,2.0,0.0
0905-2-fwh,2.0,word,1693883740.487784,1305.74281727419,292.6997716366406,2.0,2.0,0.0
0905-2-fwh,2.0,word,1693883740.5198674,1307.633626812707,291.74070422674833,2.23606797749979,2.0,0.0
0905-2-fwh,2.0,word,1693883740.5519004,1308.5705389636703,291.7482370257157,1.0,2.0,0.0
0905-2-fwh,2.0,word,1693883740.5840924,1309.4905691391202,292.72986258363585,1.4142135623730951,2.0,0.0
0905-2-fwh,2.0,word,1693883740.6154313,1311.364326558944,292.74490710558763,2.0,2.0,0.0
0905-2-fwh,2.0,word,1693883740.6479795,1311.364326558944,292.74490710558763,0.0,2.0,0.0
0905-2-fwh,2.0,word,1693883740.679206,1312.3011756428816,292.7524291286946,1.0,2.0,0.0
0905-2-fwh,2.0,word,1693883740.7112918,1319.7952573734365,292.8125996053588,8.0,2.0,0.0
0905-2-fwh,2.0,word,1693883740.7433505,1330.0975564843368,292.8953174446523,11.0,2.0,0.0
0905-2-fwh,2.0,word,1693883740.775322,1340.3974673025953,292.9780161081866,11.0,2.0,0.0
0905-2-fwh,2.0,word,1693883740.7913303,1349.7427727319248,294.0268698603986,10.04987562112089,2.0,0.0
0905-2-fwh,2.0,word,1693883740.8234968,1357.214615207819,295.0605500428212,8.06225774829855,2.0,0.0
0905-2-fwh,2.0,word,1693883740.8558693,1363.74965770991,296.0866079845943,7.071067811865476,2.0,0.0
0905-2-fwh,2.0,word,1693883740.8881085,1368.412557696206,297.09760557361824,5.0990195135927845,2.0,0.0
0905-2-fwh,2.0,word,1693883740.9192717,1372.1394771374828,298.1010695710122,4.123105625617661,2.0,0.0
0905-2-fwh,2.0,word,1693883740.9514863,1376.8017909622656,299.1119330629085,5.0990195135927845,2.0,0.0
0905-2-fwh,2.0,word,1693883740.9835217,1380.5439265021564,299.1417327821911,4.0,2.0,0.0
0905-2-fwh,2.0,word,1693883740.9997108,1393.6697847197597,297.29929004619936,14.142135623730953,2.0,0.0
0905-2-fwh,2.0,word,1693883741.031855,1409.58027806635,296.45307791117057,17.029386365926403,2.0,0.0
0905-2-fwh,2.0,word,1693883741.063352,1423.615530980218,295.59223166352393,15.033296378372908,2.0,0.0
0905-2-fwh,2.0,word,1693883741.0959218,1435.7774126500474,294.7167046039738,13.038404810405298,2.0,0.0
0905-2-fwh,2.0,word,1693883741.127209,1444.184897768768,294.7841166992242,9.0,2.0,0.0
0905-2-fwh,2.0,word,1693883741.1592977,1434.8431493037776,294.70921358272335,10.0,2.0,0.0
0905-2-fwh,2.0,word,1693883741.1919377,1374.977857578349,296.17639070080827,64.03124237432849,2.0,0.0
0905-2-fwh,2.0,word,1693883741.223257,1041.9696658715854,319.9118649941016,355.0281678965769,2.0,0.0
0905-2-fwh,2.0,word,1693883741.2558131,720.192483674159,351.81310339464716,340.8019952993233,2.0,0.0
0905-2-fwh,2.0,word,1693883741.2877288,569.3344796907354,365.48041927699296,158.71042813879623,2.0,0.0
0905-2-fwh,2.0,word,1693883741.3036976,510.92900332040193,370.9770661122155,61.29437168288782,2.0,0.0
0905-2-fwh,2.0,word,1693883741.336172,486.9191424246649,374.75153721687394,25.317977802344327,2.0,0.0
0905-2-fwh,2.0,word,1693883741.36721,469.74365645956703,373.6442195585365,18.027756377319943,2.0,0.0
0905-2-fwh,2.0,word,1693883741.3997009,453.550213559147,371.55699737995815,17.11724276862369,2.0,0.0
0905-2-fwh,2.0,word,1693883741.4319687,444.04859725496766,369.51668010493444,10.198039027185567,2.0,0.0
0905-2-fwh,2.0,word,1693883741.4640548,439.2335630920468,370.4691000229731,5.0990195135927845,2.0,0.0
0905-2-fwh,2.0,word,1693883741.4955182,437.28822614309786,371.4419590801431,2.23606797749979,2.0,0.0
0905-2-fwh,2.0,word,1693883741.5276918,434.4497909435113,370.43520673739766,3.1622776601683795,2.0,0.0
0905-2-fwh,2.0,word,1693883741.559672,433.52492998015805,369.4420036699735,1.4142135623730951,2.0,0.0
0905-2-fwh,2.0,word,1693883741.5761025,434.51366594494874,368.4624131429497,1.4142135623730951,2.0,0.0
0905-2-fwh,2.0,word,1693883741.6073017,433.52492998015805,369.4420036699735,1.4142135623730951,2.0,0.0
0905-2-fwh,2.0,word,1693883741.6393857,434.51366594494874,368.4624131429497,1.4142135623730951,2.0,0.0
0905-2-fwh,2.0,word,1693883741.6718993,435.50234719363664,367.4828768259252,1.4142135623730951,2.0,0.0
0905-2-fwh,2.0,word,1693883741.7039,436.4909737307635,366.5033947144001,1.4142135623730951,2.0,0.0
0905-2-fwh,2.0,word,1693883741.7353,438.4361965268576,365.5307973039857,2.23606797749979,2.0,0.0
0905-2-fwh,2.0,word,1693883741.7671866,438.4361965268576,365.5307973039857,0.0,2.0,0.0
0905-2-fwh,2.0,word,1693883741.7996042,439.4246766507192,364.55143383950593,1.4142135623730951,2.0,0.0
0905-2-fwh,2.0,word,1693883741.8156428,452.8783622154312,362.6751930161702,14.142135623730953,2.0,0.0
0905-2-fwh,2.0,word,1693883741.8476434,486.4599905166265,358.9730473863127,35.22782990761707,2.0,0.0
0905-2-fwh,2.0,word,1693883741.879946,523.8611533891813,354.3169799923312,39.319206502675,2.0,0.0
0905-2-fwh,2.0,word,1693883741.91145,554.4586012707723,352.56998704619923,32.0624390837628,2.0,0.0
0905-2-fwh,2.0,word,1693883741.943421,576.4824044082211,349.77735637118604,23.194827009486403,2.0,0.0
0905-2-fwh,2.0,word,1693883741.9755704,592.8045188324204,345.96042937637765,17.46424919657298,2.0,0.0
0905-2-fwh,2.0,word,1693883742.0075943,616.6812094474529,344.16888132334367,25.079872407968907,2.0,0.0
0905-2-fwh,2.0,word,1693883742.0399528,644.3794777165855,341.42349926127986,29.154759474226505,2.0,0.0
0905-2-fwh,2.0,word,1693883742.0712178,665.3989087347949,338.63042210466045,22.20360331117452,2.0,0.0
0905-2-fwh,2.0,word,1693883742.1032164,664.4754873408958,337.64053663890985,1.4142135623730951,2.0,0.0
0905-2-fwh,2.0,word,1693883742.1354628,640.6569942179216,338.4458822765094,25.019992006393608,2.0,0.0
0905-2-fwh,2.0,word,1693883742.1513846,630.1851437963716,338.3677770241491,11.0,2.0,0.0
0905-2-fwh,2.0,word,1693883742.1836195,617.7774178157672,339.2587763979521,13.038404810405298,2.0,0.0
0905-2-fwh,2.0,word,1693883742.2160022,600.6023008293065,340.1146276799587,18.027756377319943,2.0,0.0
0905-2-fwh,2.0,word,1693883742.2489047,582.4375165157279,341.9475698446151,19.1049731745428,2.0,0.0
0905-2-fwh,2.0,word,1693883742.279906,566.1713039357447,343.7954765564007,17.11724276862369,2.0,0.0
0905-2-fwh,2.0,word,1693883742.3119323,553.7136687859888,345.6723009513051,13.152946437965904,2.0,0.0
0905-2-fwh,2.0,word,1693883742.3439348,544.0840688715303,348.55526685275294,10.44030650891055,2.0,0.0
0905-2-fwh,2.0,word,1693883742.3599055,536.3902702285601,350.46843980290464,8.246211251235321,2.0,0.0
0905-2-fwh,2.0,word,1693883742.3919046,530.6641075205854,350.4265482371315,6.0,2.0,0.0
0905-2-fwh,2.0,word,1693883742.4240198,524.9068547952061,351.36941876480586,6.082762530298219,2.0,0.0
0905-2-fwh,2.0,word,1693883742.4560032,521.0580269868028,352.32636834403405,4.123105625617661,2.0,0.0
0905-2-fwh,2.0,word,1693883742.4880445,527.7098220623675,353.35990987687217,7.071067811865476,2.0,0.0
0905-2-fwh,2.0,word,1693883742.5191977,535.3454276142696,353.41551893744463,8.0,2.0,0.0
0905-2-fwh,2.0,word,1693883742.5512054,549.6886141497996,352.5351954865729,15.033296378372908,2.0,0.0
0905-2-fwh,2.0,word,1693883742.583521,569.7487322249161,351.69698119859737,21.02379604162864,2.0,0.0
0905-2-fwh,2.0,word,1693883742.6158617,590.7815772295882,349.8821235936131,22.09072203437452,2.0,0.0
0905-2-fwh,2.0,word,1693883742.6479442,608.916217104147,349.03099137157943,19.026297590440446,2.0,0.0
0905-2-fwh,2.0,word,1693883742.6638324,623.2334599892752,348.152237125415,15.033296378372908,2.0,0.0
0905-2-fwh,2.0,word,1693883742.6953409,638.554504301197,345.31409595497985,16.278820596099706,2.0,0.0
0905-2-fwh,2.0,word,1693883742.7275276,675.7792985611403,341.6566633144528,39.20459156782532,2.0,0.0
0905-2-fwh,2.0,word,1693883742.7594934,712.9682077983176,338.0027564705402,39.20459156782532,2.0,0.0
0905-2-fwh,2.0,word,1693883742.791477,739.5959718438497,337.2195139280725,28.0178514522438,2.0,0.0
0905-2-fwh,2.0,word,1693883742.823589,756.6880485009275,337.3473720772697,18.0,2.0,0.0
0905-2-fwh,2.0,word,1693883742.8558784,773.5651530029825,345.32867783824435,19.697715603592208,2.0,0.0
0905-2-fwh,2.0,word,1693883742.9357705,837.7865075119311,319.3200506420296,72.2357252334328,2.0,0.0
0905-2-fwh,2.0,word,1693883742.9680035,857.7995800289908,314.5733094973653,21.587033144922906,2.0,0.0
0905-2-fwh,2.0,word,1693883742.9992735,827.3824699397383,355.54238437931406,52.20153254455275,2.0,0.0
0905-2-fwh,2.0,word,1693883743.0315995,837.0628424307728,347.76079355381785,12.806248474865695,2.0,0.0
0905-2-fwh,2.0,word,1693883743.0638726,843.8462605464439,341.9235430649931,9.219544457292889,2.0,0.0
0905-2-fwh,2.0,word,1693883743.0960476,849.6056942829919,339.02337991426555,6.708203932499369,2.0,0.0
0905-2-fwh,2.0,word,1693883743.127468,854.416547383104,336.11677337073263,5.830951894845301,2.0,0.0
0905-2-fwh,2.0,word,1693883743.1597917,856.409567423836,332.2088819048756,4.47213595499958,2.0,0.0
0905-2-fwh,2.0,word,1693883743.1767497,858.3530496873473,330.26236471652925,2.8284271247461903,2.0,0.0
0905-2-fwh,2.0,word,1693883743.2080648,850.750923255938,331.1854878628909,8.06225774829855,2.0,0.0
0905-2-fwh,2.0,word,1693883743.2392285,843.1721042099641,331.1282117113076,8.0,2.0,0.0
0905-2-fwh,2.0,word,1693883743.2712228,836.5146140984955,332.0587462132679,7.071067811865476,2.0,0.0
0905-2-fwh,2.0,word,1693883743.303723,827.9352594533224,333.9559847160845,9.219544457292889,2.0,0.0
0905-2-fwh,2.0,word,1693883743.3357637,818.4309407236462,334.86561408283995,10.04987562112089,2.0,0.0
0905-2-fwh,2.0,word,1693883743.3680606,810.8461319761622,334.8086257168316,8.0,2.0,0.0
0905-2-fwh,2.0,word,1693883743.4000604,803.2600357130094,334.7516276770903,8.0,2.0,0.0
0905-2-fwh,2.0,word,1693883743.4319518,796.6211450598149,334.7017464548961,7.0,2.0,0.0
0905-2-fwh,2.0,word,1693883743.463184,799.4921120978543,333.74196522964206,3.1622776601683795,2.0,0.0
0905-2-fwh,2.0,word,1693883743.4955883,803.3111190986037,332.7894236083824,4.123105625617661,2.0,0.0
0905-2-fwh,2.0,word,1693883743.5117362,806.1814495690434,331.8298393864559,3.1622776601683795,2.0,0.0
0905-2-fwh,2.0,word,1693883743.5437665,808.1033336063497,330.8631830559528,2.23606797749979,2.0,0.0
0905-2-fwh,2.0,word,1693883743.5752156,809.0769409023833,329.8894246639763,1.4142135623730951,2.0,0.0
0905-2-fwh,2.0,word,1693883743.6073978,810.9985882765727,328.92290583174025,2.23606797749979,2.0,0.0
0905-2-fwh,2.0,word,1693883743.6397824,813.8681061058273,327.96365648600397,3.1622776601683795,2.0,0.0
0905-2-fwh,2.0,word,1693883743.6718366,816.7373441877678,327.00450065682475,3.1622776601683795,2.0,0.0
0905-2-fwh,2.0,word,1693883743.7039597,818.6837120852813,325.05756769064897,2.8284271247461903,2.0,0.0
0905-2-fwh,2.0,word,1693883743.7199702,820.6046266992867,324.0914174101705,2.23606797749979,2.0,0.0
0905-2-fwh,2.0,word,1693883743.751441,822.5001884690311,324.1058885592506,2.0,2.0,0.0
0905-2-fwh,2.0,word,1693883743.783533,823.4479392002803,324.1131239035911,1.0,2.0,0.0
0905-2-fwh,2.0,word,1693883743.8159845,825.3433803587299,324.12759413189707,2.0,2.0,0.0
0905-2-fwh,2.0,word,1693883743.8479862,826.3162119083217,323.15432237438904,1.4142135623730951,2.0,0.0
0905-2-fwh,2.0,word,1693883743.8800895,830.1317824837821,322.20286911595826,4.123105625617661,2.0,0.0
0905-2-fwh,2.0,word,1693883743.9116082,835.8418015080463,321.26605725286663,6.082762530298219,2.0,0.0
0905-2-fwh,2.0,word,1693883743.943659,841.5509008554474,320.329396276172,6.082762530298219,2.0,0.0
0905-2-fwh,2.0,word,1693883743.9756577,845.3647267786091,319.37832028341063,4.123105625617661,2.0,0.0
0905-2-fwh,2.0,word,1693883744.0076568,848.2062276093753,319.40016885080706,3.0,2.0,0.0
0905-2-fwh,2.0,word,1693883744.023657,840.5787030033885,321.3023757797382,8.246211251235321,2.0,0.0
0905-2-fwh,2.0,word,1693883744.056008,810.0250710303986,329.89660046800157,33.24154027718932,2.0,0.0
0905-2-fwh,2.0,word,1693883744.0881252,755.5013618882058,346.1773650519117,59.481089431852205,2.0,0.0
0905-2-fwh,2.0,word,1693883744.120099,704.6839028385231,362.5146075384309,55.65968020030299,2.0,0.0
0905-2-fwh,2.0,word,1693883744.1520958,667.2209298208787,375.0368440762364,41.10960958218893,2.0,0.0
0905-2-fwh,2.0,word,1693883744.184096,641.2854904228068,382.730845913091,28.16025568065745,2.0,0.0
0905-2-fwh,2.0,word,1693883744.2160945,624.0212185340574,386.5506126205196,18.43908891458577,2.0,0.0
0905-2-fwh,2.0,word,1693883744.2320962,613.4503949002388,389.4331524199744,11.40175425099138,2.0,0.0
0905-2-fwh,2.0,word,1693883744.2793307,607.70141328941,390.378917744804,6.082762530298219,2.0,0.0
0905-2-fwh,2.0,word,1693883744.295514,603.8585720085262,391.33792827588155,4.123105625617661,2.0,0.0
0905-2-fwh,2.0,word,1693883744.327501,600.9398126360951,393.2889221496849,3.605551275463989,2.0,0.0
0905-2-fwh,2.0,word,1693883744.359232,598.0206685189444,395.2401731993959,3.605551275463989,2.0,0.0
0905-2-fwh,2.0,word,1693883744.3921173,597.0669558757103,395.23366780494075,1.0,2.0,0.0
0905-2-fwh,2.0,word,1693883744.424147,596.0840748891577,396.21264758740466,1.4142135623730951,2.0,0.0
0905-2-fwh,2.0,word,1693883744.4561186,595.1303051232161,396.2061522962822,1.0,2.0,0.0
0905-2-fwh,2.0,word,1693883744.4881475,594.176515050591,396.1996568668687,1.0,2.0,0.0
0905-2-fwh,2.0,word,1693883744.5041175,594.9844675019652,401.1341330666223,5.0990195135927845,2.0,0.0
0905-2-fwh,2.0,word,1693883744.600142,614.2613651433869,426.9027438239761,33.421549934136806,2.0,0.0
0905-2-fwh,2.0,word,1693883744.6315556,623.999764830796,420.06166068220085,12.206555615733702,2.0,0.0
0905-2-fwh,2.0,word,1693883744.6639109,636.5079979803862,416.1996250200281,13.601470508735444,2.0,0.0
0905-2-fwh,2.0,word,1693883744.6959906,648.9828301737058,413.32465575953563,13.341664064126334,2.0,0.0
0905-2-fwh,2.0,word,1693883744.7272522,662.4335281001154,409.471887697895,14.560219778561036,2.0,0.0
0905-2-fwh,2.0,word,1693883744.7596486,673.9461382258811,406.5929786444516,12.36931687685298,2.0,0.0
0905-2-fwh,2.0,word,1693883744.7920392,683.4953793700225,405.6719086945662,10.04987562112089,2.0,0.0
0905-2-fwh,2.0,word,1693883744.8074613,718.7611484845463,403.93935383120146,37.05401462729781,2.0,0.0
0905-2-fwh,2.0,word,1693883744.839616,814.9130030325955,397.7028998946771,101.24228365658294,2.0,0.0
0905-2-fwh,2.0,word,1693883744.8718708,905.0825016989149,394.38802315880383,95.08417323613853,2.0,0.0
0905-2-fwh,2.0,word,1693883744.9039912,962.8428385764507,393.8024015808522,61.00819617067857,2.0,0.0
0905-2-fwh,2.0,word,1693883744.9359925,996.926301977003,392.0742001319307,36.05551275463989,2.0,0.0
0905-2-fwh,2.0,word,1693883744.967301,1017.8238014128935,387.3143730629636,22.56102834535696,2.0,0.0
0905-2-fwh,2.0,word,1693883744.9993014,1029.2227567817345,384.452023639414,12.36931687685298,2.0,0.0
0905-2-fwh,2.0,word,1693883745.0313334,1034.9315052014506,382.53114343891707,6.324555320336759,2.0,0.0
0905-2-fwh,2.0,word,1693883745.0634136,1039.6736138431816,381.5840759131704,5.0990195135927845,2.0,0.0
0905-2-fwh,2.0,word,1693883745.0794916,1034.0305165342984,380.56425060716026,6.082762530298219,2.0,0.0
0905-2-fwh,2.0,word,1693883745.111506,1025.575753637626,378.5442620421142,9.219544457292889,2.0,0.0
0905-2-fwh,2.0,word,1693883745.143494,1019.931388371555,377.5241846388545,6.082762530298219,2.0,0.0
0905-2-fwh,2.0,word,1693883745.1758797,1017.0980658529163,377.5042038363103,3.0,2.0,0.0
0905-2-fwh,2.0,word,1693883745.2072015,1015.2090841426447,377.4908825958534,2.0,2.0,0.0
0905-2-fwh,2.0,word,1693883745.239516,1014.2645632762479,377.4842217639833,1.0,2.0,0.0
0905-2-fwh,2.0,word,1693883745.271516,1013.3200224014963,377.4775607910129,1.0,2.0,0.0
0905-2-fwh,2.0,word,1693883745.303516,1015.2090841426447,377.4908825958534,2.0,2.0,0.0
0905-2-fwh,2.0,word,1693883745.335426,1021.8201700268845,377.5375044685089,7.0,2.0,0.0
0905-2-fwh,2.0,word,1693883745.3514302,1032.2070390337253,377.6107534464539,11.0,2.0,0.0
0905-2-fwh,2.0,word,1693883745.3835115,1041.6475475900813,377.6773286196439,10.0,2.0,0.0
0905-2-fwh,2.0,word,1693883745.415776,1051.1073592385837,376.764080340171,10.04987562112089,2.0,0.0
0905-2-fwh,2.0,word,1693883745.4478018,1059.579007146371,377.80378261503887,9.055385138137416,2.0,0.0
0905-2-fwh,2.0,word,1693883745.48001,1060.5014272284682,378.7901765384905,1.4142135623730951,2.0,0.0
0905-2-fwh,2.0,word,1693883745.5119934,1051.9872242016143,379.7102425446061,9.055385138137416,2.0,0.0
0905-2-fwh,2.0,word,1693883745.544165,1048.2120107784463,379.6837024667825,4.0,2.0,0.0
0905-2-fwh,2.0,word,1693883745.5753148,1042.5485910256427,379.64388813468014,6.0,2.0,0.0
0905-2-fwh,2.0,word,1693883745.607579,1034.9962451881918,379.59079448835894,8.0,2.0,0.0
0905-2-fwh,2.0,word,1693883745.6236966,1026.4766014855782,380.51122898155006,9.055385138137416,2.0,0.0
0905-2-fwh,2.0,word,1693883745.6557026,1018.9214063002086,380.4581983705428,8.0,2.0,0.0
0905-2-fwh,2.0,word,1693883745.6879938,1011.3649306527516,380.4051587718542,8.0,2.0,0.0
0905-2-fwh,2.0,word,1693883745.7199402,1003.8071742176581,380.35211018319916,8.0,2.0,0.0
0905-2-fwh,2.0,word,1693883745.7522314,1011.3869147198182,379.42481884731353,8.06225774829855,2.0,0.0
0905-2-fwh,2.0,word,1693883745.7834115,1018.9432607846837,379.4779406155804,8.0,2.0,0.0
0905-2-fwh,2.0,word,1693883745.8159468,1034.9746659219843,380.5708776786895,17.029386365926403,2.0,0.0
0905-2-fwh,2.0,word,1693883745.8479023,1055.6984455442278,382.6764518343509,22.09072203437452,2.0,0.0
0905-2-fwh,2.0,word,1693883745.8791888,1076.4139730893583,384.7811875637881,22.09072203437452,2.0,0.0
0905-2-fwh,2.0,word,1693883745.8953643,1094.2924101131493,386.865416089514,19.1049731745428,2.0,0.0
0905-2-fwh,2.0,word,1693883745.927688,1107.4514618958476,388.9162781222755,14.142135623730953,2.0,0.0
0905-2-fwh,2.0,word,1693883745.9597228,1118.7426451072579,389.97414627977247,12.041594578792296,2.0,0.0
0905-2-fwh,2.0,word,1693883745.9920266,1126.2420261982609,391.98519106570944,8.246211251235321,2.0,0.0
0905-2-fwh,2.0,word,1693883746.0232697,1114.9320295400862,391.907173270616,12.0,2.0,0.0
0905-2-fwh,2.0,word,1693883746.0556903,1084.7579906955357,391.69902891382577,32.0,2.0,0.0
0905-2-fwh,2.0,word,1693883746.0877657,985.5608161136776,392.9771276530664,105.01904589168576,2.0,0.0
0905-2-fwh,2.0,word,1693883746.1201255,884.2649710757042,393.2629543825988,107.00467279516349,2.0,0.0
0905-2-fwh,2.0,word,1693883746.1519763,815.9888517085059,392.7942300143803,72.0,2.0,0.0
0905-2-fwh,2.0,word,1693883746.1679835,775.0848616844727,395.46426837038257,43.10452412450461,2.0,0.0
0905-2-fwh,2.0,word,1693883746.1995726,749.3501470155223,398.24043942522286,27.16615541441225,2.0,0.0
0905-2-fwh,2.0,word,1693883746.232572,733.1349105479688,400.0987067628188,17.11724276862369,2.0,0.0
0905-2-fwh,2.0,word,1693883746.2638817,762.6028367526961,400.2984143714103,31.0,2.0,0.0
0905-2-fwh,2.0,word,1693883746.295861,821.4804860128171,400.69743513899107,62.0,2.0,0.0
0905-2-fwh,2.0,word,1693883746.3278613,1030.656610382942,405.05824623343347,221.02036105300343,2.0,0.0
0905-2-fwh,2.0,word,1693883746.3599727,1218.2228841804194,407.3022813729222,199.00251254695252,2.0,0.0
0905-2-fwh,2.0,word,1693883746.3921185,1324.375074019577,408.99494753378826,113.00442469213318,2.0,0.0
0905-2-fwh,2.0,word,1693883746.4075117,1376.9125160464184,408.3707550826133,56.00892785976178,2.0,0.0
0905-2-fwh,2.0,word,1693883746.4396071,1404.9925909021558,410.51394435167214,30.066592756745816,2.0,0.0
0905-2-fwh,2.0,word,1693883746.4716065,1417.1536823703166,411.5725352036413,13.038404810405298,2.0,0.0
0905-2-fwh,2.0,word,1693883746.503521,1420.9145829473619,410.6207983380532,4.123105625617661,2.0,0.0
0905-2-fwh,2.0,word,1693883746.535626,1424.6899744454636,408.69244565316257,4.47213595499958,2.0,0.0
0905-2-fwh,2.0,word,1693883746.5676477,1426.5923574715544,406.7517369943754,2.8284271247461903,2.0,0.0
0905-2-fwh,2.0,word,1693883746.5999637,1426.6221600923573,404.7985515782631,2.0,2.0,0.0
0905-2-fwh,2.0,word,1693883746.6320584,1427.5583560030525,404.80489628827763,1.0,2.0,0.0
0905-2-fwh,2.0,word,1693883746.6640017,1428.5242691265435,402.8582277105832,2.23606797749979,2.0,0.0
0905-2-fwh,2.0,word,1693883746.6952555,1428.5540040853753,400.90534603140594,2.0,2.0,0.0
0905-2-fwh,2.0,word,1693883746.7272882,1426.6966578668525,399.9161632929717,2.23606797749979,2.0,0.0
0905-2-fwh,2.0,word,1693883746.743261,1424.8392958138763,398.9269721214472,2.23606797749979,2.0,0.0
0905-2-fwh,2.0,word,1693883746.7755623,1423.9180814291808,397.94418910204826,1.4142135623730951,2.0,0.0
0905-2-fwh,2.0,word,1693883746.8075943,1422.9968786214367,396.9614184333377,1.4142135623730951,2.0,0.0
0905-2-fwh,2.0,word,1693883746.8400452,1422.9968786214367,396.9614184333377,0.0,2.0,0.0
0905-2-fwh,2.0,word,1693883746.8720715,1423.9629142669742,395.0152560027086,2.23606797749979,2.0,0.0
0905-2-fwh,2.0,word,1693883747.016053,1118.2185647478275,415.4519284289329,325.8128297044179,2.0,0.0
0905-2-fwh,2.0,word,1693883747.0480688,945.11980144304,423.1463677039155,183.22117781522965,2.0,0.0
0905-2-fwh,2.0,word,1693883747.0801773,809.4797342741606,424.22837529257635,143.01398533010678,2.0,0.0
0905-2-fwh,2.0,word,1693883747.111574,728.6328707860521,425.67214690304564,85.0235261559999,2.0,0.0
0905-2-fwh,2.0,word,1693883747.1436706,686.7517001196085,425.4002995990558,44.0,2.0,0.0
0905-2-fwh,2.0,word,1693883747.175548,661.957276483806,426.22530586624146,26.019223662515376,2.0,0.0
0905-2-fwh,2.0,word,1693883747.20758,648.4743328069479,431.06889763445776,14.866068747318506,2.0,0.0
0905-2-fwh,2.0,word,1693883747.2236636,626.4594356170879,433.8871535909945,23.194827009486403,2.0,0.0
0905-2-fwh,2.0,word,1693883747.255878,597.6930907392459,438.6383578186652,30.4138126514911,2.0,0.0
0905-2-fwh,2.0,word,1693883747.288037,583.3158837823734,440.52182996185763,15.132745950421556,2.0,0.0
0905-2-fwh,2.0,word,1693883747.3191876,571.7982679157168,442.42406182990715,12.16552506059644,2.0,0.0
0905-2-fwh,2.0,word,1693883747.352106,566.0083682837759,444.3628492933454,6.324555320336759,2.0,0.0
0905-2-fwh,2.0,word,1693883747.3834252,561.172659219869,446.3079860451047,5.385164807134504,2.0,0.0
0905-2-fwh,2.0,word,1693883747.4159174,557.3213916020862,447.2717428072721,4.123105625617661,2.0,0.0
0905-2-fwh,2.0,word,1693883747.447939,555.380645658972,448.247513299925,2.23606797749979,2.0,0.0
0905-2-fwh,2.0,word,1693883747.4793472,553.4696645289104,448.23561454541266,2.0,2.0,0.0
0905-2-fwh,2.0,word,1693883747.4952347,552.5440725579049,447.2419441029738,1.4142135623730951,2.0,0.0
0905-2-fwh,2.0,word,1693883747.527819,551.5885476388577,447.23598398093696,1.0,2.0,0.0
0905-2-fwh,2.0,word,1693883747.5601666,559.2321766414258,447.2836613996539,8.0,2.0,0.0
0905-2-fwh,2.0,word,1693883747.5914614,570.6951762839182,447.3551622840536,12.0,2.0,0.0
0905-2-fwh,2.0,word,1693883747.623762,595.5508029391594,446.522799858677,26.019223662515376,2.0,0.0
0905-2-fwh,2.0,word,1693883747.655829,623.2538374998906,445.70884177979264,29.017236257093817,2.0,0.0
0905-2-fwh,2.0,word,1693883747.6872356,649.0037851230612,445.870025584661,27.0,2.0,0.0
0905-2-fwh,2.0,word,1693883747.7195494,669.0491978928246,445.00897690347557,21.02379604162864,2.0,0.0
0905-2-fwh,2.0,word,1693883747.7519145,683.3416885361114,445.09859936534036,15.0,2.0,0.0
0905-2-fwh,2.0,word,1693883747.767466,696.6772296132227,445.18222118126175,14.0,2.0,0.0
0905-2-fwh,2.0,word,1693883747.7999148,718.6040463892253,444.33376990240896,23.021728866442675,2.0,0.0
0905-2-fwh,2.0,word,1693883747.831994,736.7402382825969,442.47630179343287,19.1049731745428,2.0,0.0
0905-2-fwh,2.0,word,1693883747.8639643,750.0592075838284,442.56025998751596,14.0,2.0,0.0
0905-2-fwh,2.0,word,1693883747.8961651,759.5176406395391,444.59077345080095,10.198039027185567,2.0,0.0
0905-2-fwh,2.0,word,1693883747.9272954,765.2235396491695,444.62661572570033,6.0,2.0,0.0
0905-2-fwh,2.0,word,1693883747.9595065,765.1447958187607,447.5825177034476,3.0,2.0,0.0
0905-2-fwh,2.0,word,1693883747.9917626,752.5422525950243,456.37598516770714,15.811388300841896,2.0,0.0
0905-2-fwh,2.0,word,1693883748.0238602,739.9323710095864,465.1745729988412,15.811388300841896,2.0,0.0
0905-2-fwh,2.0,word,1693883748.0397792,726.3629292761799,473.97261916006073,16.64331697709324,2.0,0.0
0905-2-fwh,2.0,word,1693883748.0718591,714.7177037230535,481.8000472918363,14.422205101855956,2.0,0.0
0905-2-fwh,2.0,word,1693883748.1041298,705.0268614832092,487.66780443513034,11.6619037896906,2.0,0.0
0905-2-fwh,2.0,word,1693883748.1361043,696.2851724735357,493.5434702894009,10.816653826391969,2.0,0.0
0905-2-fwh,2.0,word,1693883748.167366,689.5020760262137,497.4564516446032,8.06225774829855,2.0,0.0
0905-2-fwh,2.0,word,1693883748.1992846,683.6429524884478,502.36401422616933,7.810249675906654,2.0,0.0
0905-2-fwh,2.0,word,1693883748.2312558,682.5785385720013,506.31136376479884,4.123105625617661,2.0,0.0
0905-2-fwh,2.0,word,1693883748.2634482,690.1797791137185,507.34216368416423,8.06225774829855,2.0,0.0
0905-2-fwh,2.0,word,1693883748.295518,698.7333630932266,508.3781281134462,9.055385138137416,2.0,0.0
0905-2-fwh,2.0,word,1693883748.3114035,706.3323834708585,509.4086354156769,8.06225774829855,2.0,0.0
0905-2-fwh,2.0,word,1693883748.3437085,712.0241694362035,510.4284370379198,6.082762530298219,2.0,0.0
0905-2-fwh,2.0,word,1693883748.375188,717.7154213899369,511.44814298089585,6.082762530298219,2.0,0.0
0905-2-fwh,2.0,word,1693883748.407502,721.5002818197879,512.4572321538243,4.123105625617661,2.0,0.0
0905-2-fwh,2.0,word,1693883748.4396706,721.4732484972411,513.4452696238609,1.0,2.0,0.0
0905-2-fwh,2.0,word,1693883748.4718657,716.6268140206108,516.3834875741294,5.830951894845301,2.0,0.0
0905-2-fwh,2.0,word,1693883748.5038123,711.8337754629514,517.3456650141713,5.0990195135927845,2.0,0.0
0905-2-fwh,2.0,word,1693883748.5353036,707.0127770277882,519.2963733159959,5.385164807134504,2.0,0.0
0905-2-fwh,2.0,word,1693883748.5674818,702.2456773300487,519.2704256029722,5.0,2.0,0.0
0905-2-fwh,2.0,word,1693883748.583488,699.3577544993628,520.2433684421834,3.1622776601683795,2.0,0.0
0905-2-fwh,2.0,word,1693883748.615568,695.5433991550692,520.2226487337799,4.0,2.0,0.0
0905-2-fwh,2.0,word,1693883748.6474564,692.6548835600389,521.1957273268339,3.1622776601683795,2.0,0.0
0905-2-fwh,2.0,word,1693883748.679875,689.7660850285073,522.1689012350915,3.1622776601683795,2.0,0.0
0905-2-fwh,2.0,word,1693883748.7118657,687.8308553155189,523.1473202127787,2.23606797749979,2.0,0.0
0905-2-fwh,2.0,word,1693883748.743864,685.8954772773668,524.1258141811264,2.23606797749979,2.0,0.0
0905-2-fwh,2.0,word,1693883748.775953,687.8308553155189,523.1473202127787,2.23606797749979,2.0,0.0
0905-2-fwh,2.0,word,1693883748.8078902,690.6922887258963,523.1627687748861,3.0,2.0,0.0
0905-2-fwh,2.0,word,1693883748.8238606,691.6460592050298,523.1679180760824,1.0,2.0,0.0
0905-2-fwh,2.0,word,1693883748.855336,693.5535391807077,523.1782163492365,2.0,2.0,0.0
0905-2-fwh,2.0,word,1693883748.8873694,695.4334488793746,524.1772032482644,2.23606797749979,2.0,0.0
0905-2-fwh,2.0,word,1693883748.9199388,697.3133423839848,525.1761815417457,2.23606797749979,2.0,0.0
0905-2-fwh,2.0,word,1693883748.951939,699.2206444937965,525.186436706253,2.0,2.0,0.0
0905-2-fwh,2.0,word,1693883748.9841528,701.1552561584452,524.2080314317278,2.23606797749979,2.0,0.0
0905-2-fwh,2.0,word,1693883749.0153804,702.0814452305655,525.2018186334407,1.4142135623730951,2.0,0.0
0905-2-fwh,2.0,word,1693883749.047293,703.9612018485974,526.2007349874646,2.23606797749979,2.0,0.0
0905-2-fwh,2.0,word,1693883749.0794082,705.8409422748936,527.1996427370821,2.23606797749979,2.0,0.0
0905-2-fwh,2.0,word,1693883749.0954423,719.188251965403,527.271113455325,14.0,2.0,0.0
0905-2-fwh,2.0,word,1693883749.1280146,747.7230544392507,529.4007250283918,30.066592756745816,2.0,0.0
0905-2-fwh,2.0,word,1693883749.160015,778.1456962447346,531.5392326424015,32.0624390837628,2.0,0.0
0905-2-fwh,2.0,word,1693883749.191297,801.940482099994,531.6655945364649,25.0,2.0,0.0
0905-2-fwh,2.0,word,1693883749.2233305,820.9671941542924,531.7666356379739,20.0,2.0,0.0
0905-2-fwh,2.0,word,1693883749.2554612,833.3804296091007,529.8575006531585,13.152946437965904,2.0,0.0
0905-2-fwh,2.0,word,1693883749.287573,843.8384141409676,529.9132687923159,11.0,2.0,0.0
0905-2-fwh,2.0,word,1693883749.319956,849.5665652119217,528.9565153621887,6.082762530298219,2.0,0.0
0905-2-fwh,2.0,word,1693883749.3519068,854.2939510516028,529.9690238793141,5.0990195135927845,2.0,0.0
0905-2-fwh,2.0,word,1693883749.3678837,858.0953577932574,529.9892952212268,4.0,2.0,0.0
0905-2-fwh,2.0,word,1693883749.399201,855.1948721985344,531.9484012673589,3.605551275463989,2.0,0.0
0905-2-fwh,2.0,word,1693883749.4313302,848.5415438200628,531.9130688554245,7.0,2.0,0.0
0905-2-fwh,2.0,word,1693883749.4635484,845.6898139885885,531.8979247820525,3.0,2.0,0.0
0905-2-fwh,2.0,word,1693883749.4957056,843.7885596268408,531.8878281960313,2.0,2.0,0.0
0905-2-fwh,2.0,word,1693883749.527702,841.8872243464551,531.8777311802926,2.0,2.0,0.0
0905-2-fwh,2.0,word,1693883749.559592,839.0600794127598,530.8752362888172,3.1622776601683795,2.0,0.0
0905-2-fwh,2.0,word,1693883749.591742,835.2820634353826,529.8676412858518,4.123105625617661,2.0,0.0
0905-2-fwh,2.0,word,1693883749.623823,831.4787148413055,529.8473595888371,4.0,2.0,0.0
0905-2-fwh,2.0,word,1693883749.6397126,827.6750424605034,529.8270761652008,4.0,2.0,0.0
0905-2-fwh,2.0,word,1693883749.6727133,823.8710462516275,529.8067910147222,4.0,2.0,0.0
0905-2-fwh,2.0,word,1693883749.7038274,820.0667261733223,529.7865041371809,4.0,2.0,0.0
0905-2-fwh,2.0,word,1693883749.7359495,817.2386591550077,528.7837666562177,3.1622776601683795,2.0,0.0
0905-2-fwh,2.0,word,1693883749.7679496,819.1663001967462,527.806465004163,2.23606797749979,2.0,0.0
0905-2-fwh,2.0,word,1693883749.799302,822.0195328198162,527.821743183033,3.0,2.0,0.0
0905-2-fwh,2.0,word,1693883749.8314538,823.9215866920591,527.8319280936657,2.0,2.0,0.0
0905-2-fwh,2.0,word,1693883749.863717,824.8725832671784,527.8370203864084,1.0,2.0,0.0
0905-2-fwh,2.0,word,1693883749.8958926,826.7745156986423,527.8472046467633,2.0,2.0,0.0
0905-2-fwh,2.0,word,1693883749.911793,828.6763671760484,527.8573884736344,2.0,2.0,0.0
0905-2-fwh,2.0,word,1693883749.9432478,830.5781377045647,527.867571867049,2.0,2.0,0.0
0905-2-fwh,2.0,word,1693883749.975556,833.4055360956016,528.8701566335383,3.1622776601683795,2.0,0.0
0905-2-fwh,2.0,word,1693883750.0075808,843.8633401283495,528.9260393780246,11.0,2.0,0.0
0905-2-fwh,2.0,word,1693883750.0395834,861.896441037431,530.0095648380602,19.026297590440446,2.0,0.0
0905-2-fwh,2.0,word,1693883750.0716655,879.9471699533477,530.1058219666696,19.0,2.0,0.0
0905-2-fwh,2.0,word,1693883750.1047068,895.094041865527,532.1602852776355,16.1245154965971,2.0,0.0
0905-2-fwh,2.0,word,1693883750.1357422,906.4157154509426,535.1808175938306,12.36931687685298,2.0,0.0
0905-2-fwh,2.0,word,1693883750.1680658,915.9083335307873,535.2309132688142,10.0,2.0,0.0
0905-2-fwh,2.0,word,1693883750.1840398,933.9387480711493,535.3260657103256,19.0,2.0,0.0
0905-2-fwh,2.0,word,1693883750.2160406,963.3411626966131,535.4812319452269,31.0,2.0,0.0
0905-2-fwh,2.0,word,1693883750.248041,989.8367120121801,537.592984169785,28.0713376952364,2.0,0.0
0905-2-fwh,2.0,word,1693883750.2792425,1007.8820873862286,535.7162890883613,19.1049731745428,2.0,0.0
0905-2-fwh,2.0,word,1693883750.3113277,1021.1628764298188,534.8008085909705,14.0356688476182,2.0,0.0
0905-2-fwh,2.0,word,1693883750.343213,1031.5776509572124,534.855885901095,11.0,2.0,0.0
0905-2-fwh,2.0,word,1693883750.3752131,1038.2039681595415,534.8909284002463,7.0,2.0,0.0
0905-2-fwh,2.0,word,1693883750.4074242,1063.753396636228,535.0260435476755,27.0,2.0,0.0
0905-2-fwh,2.0,word,1693883750.439365,1094.9812016257936,534.2064693071239,33.015148038438355,2.0,0.0
0905-2-fwh,2.0,word,1693883750.4716682,1119.5730659006447,533.3523781515595,26.019223662515376,2.0,0.0
0905-2-fwh,2.0,word,1693883750.4875565,1136.5958911240175,532.4585845126995,18.027756377319943,2.0,0.0
0905-2-fwh,2.0,word,1693883750.5195825,1147.9667719213298,530.5510587724467,12.16552506059644,2.0,0.0
0905-2-fwh,2.0,word,1693883750.5520458,1155.5779312001905,527.6401743837741,8.54400374531753,2.0,0.0
0905-2-fwh,2.0,word,1693883750.583213,1160.3362930631097,525.6983247459123,5.385164807134504,2.0,0.0
0905-2-fwh,2.0,word,1693883750.615472,1164.1113215977791,525.7187057069241,4.0,2.0,0.0
0905-2-fwh,2.0,word,1693883750.6476595,1167.8860300122399,525.7390849396426,4.0,2.0,0.0
0905-2-fwh,2.0,word,1693883750.6795497,1170.7361545318004,524.7709194515239,3.1622776601683795,2.0,0.0
0905-2-fwh,2.0,word,1693883750.7117808,1173.58600138914,523.8028482831369,3.1622776601683795,2.0,0.0
0905-2-fwh,2.0,word,1693883750.727751,1190.5654875131017,523.894893843218,18.0,2.0,0.0
0905-2-fwh,2.0,word,1693883750.7597735,1214.1559233313087,523.0397696638896,25.019992006393608,2.0,0.0
0905-2-fwh,2.0,word,1693883750.791743,1233.0223500808647,522.1594863857227,20.024984394500787,2.0,0.0
0905-2-fwh,2.0,word,1693883750.824092,1248.076918195469,523.2240296656197,16.0312195418814,2.0,0.0
0905-2-fwh,2.0,word,1693883750.8552604,1258.4365084548547,523.2803033134522,11.0,2.0,0.0
0905-2-fwh,2.0,word,1693883750.887263,1261.2614324356502,523.2956483969227,3.0,2.0,0.0
0905-2-fwh,2.0,word,1693883750.9192507,1243.3672156245086,523.1984464005254,19.0,2.0,0.0
0905-2-fwh,2.0,word,1693883750.9515536,1231.1379225926992,522.1492292929878,13.038404810405298,2.0,0.0
0905-2-fwh,2.0,word,1693883750.983683,1202.861926776423,521.9953207382227,30.0,2.0,0.0
0905-2-fwh,2.0,word,1693883750.9996865,1168.8876619224113,522.7938709230382,36.013886210738214,2.0,0.0
0905-2-fwh,2.0,word,1693883751.031801,1141.5355619509903,521.6615163254411,29.017236257093817,2.0,0.0
0905-2-fwh,2.0,word,1693883751.0636835,1117.9057780142543,522.5169355897809,25.019992006393608,2.0,0.0
0905-2-fwh,2.0,word,1693883751.0960493,1099.9538174712552,522.4194199274617,19.0,2.0,0.0
0905-2-fwh,2.0,word,1693883751.1280105,1088.6120083299609,522.3578108331421,12.0,2.0,0.0
0905-2-fwh,2.0,word,1693883751.1600196,1080.124612318477,521.3272515106457,9.055385138137416,2.0,0.0
0905-2-fwh,2.0,word,1693883751.1920197,1075.397184584891,521.3015197353632,5.0,2.0,0.0
0905-2-fwh,2.0,word,1693883751.2233298,1068.798993222596,520.2810575013355,7.071067811865476,2.0,0.0
0905-2-fwh,2.0,word,1693883751.3036568,670.2866078539971,671.7899669970516,443.0011286667337,2.0,0.0
0905-2-fwh,2.0,word,1693883751.3360434,750.7905941804842,557.1054363844801,141.4814475470194,2.0,0.0
0905-2-fwh,2.0,word,1693883751.3682094,707.3659667662042,541.0545429277662,48.70318264754368,2.0,0.0
0905-2-fwh,2.0,word,1693883751.3993604,673.2700890463138,531.971638790719,37.10795063055895,2.0,0.0
0905-2-fwh,2.0,word,1693883751.4313655,649.5477839027626,526.8982102720897,25.495097567963924,2.0,0.0
0905-2-fwh,2.0,word,1693883751.463678,635.2817358662737,524.8426505682224,15.132745950421556,2.0,0.0
0905-2-fwh,2.0,word,1693883751.4958267,627.6697968667307,523.8121035176193,8.06225774829855,2.0,0.0
0905-2-fwh,2.0,word,1693883751.5280526,622.9513313662171,521.8074375657716,5.385164807134504,2.0,0.0
0905-2-fwh,2.0,word,1693883751.5440254,619.1015211369514,522.7762581486371,4.123105625617661,2.0,0.0
0905-2-fwh,2.0,word,1693883751.5760252,615.2512513602509,523.7451943785048,4.123105625617661,2.0,0.0
0905-2-fwh,2.0,word,1693883751.607585,614.2669400890211,524.7296584068478,1.4142135623730951,2.0,0.0
0905-2-fwh,2.0,word,1693883751.6395938,616.2066463564144,523.7503418941036,2.23606797749979,2.0,0.0
0905-2-fwh,2.0,word,1693883751.6715896,618.1173752097735,523.760636595894,2.0,2.0,0.0
0905-2-fwh,2.0,word,1693883751.7035074,619.1015211369514,522.7762581486371,1.4142135623730951,2.0,0.0
0905-2-fwh,2.0,word,1693883751.7356253,620.0568180511933,522.7814156908876,1.0,2.0,0.0
0905-2-fwh,2.0,word,1693883751.7676237,620.0568180511933,522.7814156908876,0.0,2.0,0.0
0905-2-fwh,2.0,word,1693883751.7995403,621.0120945888701,522.7865731231269,1.0,2.0,0.0
0905-2-fwh,2.0,word,1693883751.8156278,621.0120945888701,522.7865731231269,0.0,2.0,0.0
0905-2-fwh,2.0,word,1693883751.847626,621.9961121433803,521.802269889078,1.4142135623730951,2.0,0.0
0905-2-fwh,2.0,word,1693883751.8797436,626.8006821303168,520.8387326092056,5.0990195135927845,2.0,0.0
0905-2-fwh,2.0,word,1693883751.9121509,633.5145207165331,519.885705749231,7.071067811865476,2.0,0.0
0905-2-fwh,2.0,word,1693883751.9436045,641.2103376355572,517.9489338744244,8.246211251235321,2.0,0.0
0905-2-fwh,2.0,word,1693883751.9760208,648.8760261104956,517.0015898539215,8.06225774829855,2.0,0.0
0905-2-fwh,2.0,word,1693883752.0072837,655.5857390810077,516.0492130894102,7.071067811865476,2.0,0.0
0905-2-fwh,2.0,word,1693883752.0392835,661.3399538627891,515.0917745105791,6.082762530298219,2.0,0.0
0905-2-fwh,2.0,word,1693883752.0714176,666.139086504207,514.1292447334558,5.0990195135927845,2.0,0.0
0905-2-fwh,2.0,word,1693883752.087471,670.9375444481637,513.1668502758672,5.0990195135927845,2.0,0.0
0905-2-fwh,2.0,word,1693883752.1195784,673.8274386963731,512.1940587900393,3.1622776601683795,2.0,0.0
0905-2-fwh,2.0,word,1693883752.1519902,676.7170498837594,511.22136258768376,3.1622776601683795,2.0,0.0
0905-2-fwh,2.0,word,1693883752.1832523,679.5508621498057,512.2256544009557,3.1622776601683795,2.0,0.0
0905-2-fwh,2.0,word,1693883752.2160313,681.4585073325214,512.2361853734498,2.0,2.0,0.0
0905-2-fwh,2.0,word,1693883752.2481072,687.1809550481656,512.2677755978991,6.0,2.0,0.0
0905-2-fwh,2.0,word,1693883752.2793431,703.390584165243,512.357259302687,17.0,2.0,0.0
0905-2-fwh,2.0,word,1693883752.3115528,726.2378226472241,513.4715193744732,24.020824298928627,2.0,0.0
0905-2-fwh,2.0,word,1693883752.343675,746.1902812568375,515.5573710133468,21.095023109728988,2.0,0.0
0905-2-fwh,2.0,word,1693883752.3597853,761.4008756626392,516.6286802808272,16.0312195418814,2.0,0.0
0905-2-fwh,2.0,word,1693883752.3918045,773.8034105957726,515.7088916597077,13.038404810405298,2.0,0.0
0905-2-fwh,2.0,word,1693883752.4240625,782.3695361667104,515.7558962880996,9.0,2.0,0.0
0905-2-fwh,2.0,word,1693883752.4560957,789.0568100098991,514.8050849612708,7.071067811865476,2.0,0.0
0905-2-fwh,2.0,word,1693883752.4872613,794.7914661167565,513.8492060234777,6.082762530298219,2.0,0.0
0905-2-fwh,2.0,word,1693883752.5197396,798.5712203808588,514.8573981760721,4.123105625617661,2.0,0.0
0905-2-fwh,2.0,word,1693883752.551894,800.4481902984002,515.8550987119085,2.23606797749979,2.0,0.0
0905-2-fwh,2.0,word,1693883752.584048,802.3507812317456,515.8655387386233,2.0,2.0,0.0
0905-2-fwh,2.0,word,1693883752.6001573,818.5195347969623,515.9542610257998,17.0,2.0,0.0
0905-2-fwh,2.0,word,1693883752.6312678,842.261542781816,517.0714912546192,25.019992006393608,2.0,0.0
0905-2-fwh,2.0,word,1693883752.663712,862.1671536325317,519.1540608215042,21.095023109728988,2.0,0.0
0905-2-fwh,2.0,word,1693883752.6956313,876.3669104792302,521.2048882182897,15.132745950421556,2.0,0.0
0905-2-fwh,2.0,word,1693883752.7277117,887.786978494028,520.2803420599168,12.041594578792296,2.0,0.0
0905-2-fwh,2.0,word,1693883752.760061,896.3798828316013,518.3542419108908,9.219544457292889,2.0,0.0
0905-2-fwh,2.0,word,1693883752.7920072,903.0484353585673,517.4043737802609,7.071067811865476,2.0,0.0
0905-2-fwh,2.0,word,1693883752.8236403,906.8448700051312,517.4251638996438,4.0,2.0,0.0
0905-2-fwh,2.0,word,1693883752.8555243,910.6172121852185,518.4320514169366,4.123105625617661,2.0,0.0
0905-2-fwh,2.0,word,1693883752.871554,913.4641332650923,518.4476103407682,3.0,2.0,0.0
0905-2-fwh,2.0,word,1693883752.9038534,915.3619797859269,518.4579824054068,2.0,2.0,0.0
0905-2-fwh,2.0,word,1693883752.936023,922.9290011094837,519.4854637674529,8.06225774829855,2.0,0.0
0905-2-fwh,2.0,word,1693883752.9672935,939.9801153454098,520.5644335668486,18.027756377319943,2.0,0.0
0905-2-fwh,2.0,word,1693883752.9993258,957.9733410675698,521.6481771342433,19.026297590440446,2.0,0.0
0905-2-fwh,2.0,word,1693883753.031363,973.116787300233,522.7161074386185,16.0312195418814,2.0,0.0
0905-2-fwh,2.0,word,1693883753.0633342,984.5107056796579,521.7923290044615,12.041594578792296,2.0,0.0
0905-2-fwh,2.0,word,1693883753.0956025,993.9845110693747,521.8437910386529,10.0,2.0,0.0
0905-2-fwh,2.0,word,1693883753.1279376,1001.5399004621145,522.870188743031,8.06225774829855,2.0,0.0
0905-2-fwh,2.0,word,1693883753.1438224,1007.2444585284053,521.9158195257749,6.082762530298219,2.0,0.0
0905-2-fwh,2.0,word,1693883753.1752925,1011.9351436952645,523.9118158415814,5.385164807134504,2.0,0.0
0905-2-fwh,2.0,word,1693883753.207761,1015.7227040725053,523.9323063080831,4.0,2.0,0.0
0905-2-fwh,2.0,word,1693883753.2400978,1018.5850771492738,522.9625904107492,3.1622776601683795,2.0,0.0
0905-2-fwh,2.0,word,1693883753.2713685,1020.4785835128382,522.972855082629,2.0,2.0,0.0
0905-2-fwh,2.0,word,1693883753.3032937,1022.350160635786,523.9681604366448,2.23606797749979,2.0,0.0
0905-2-fwh,2.0,word,1693883753.335852,1024.243538721127,523.9784034945418,2.0,2.0,0.0
0905-2-fwh,2.0,word,1693883753.447435,1034.3193118011632,625.6672196723885,103.81714694596457,2.0,0.0
0905-2-fwh,2.0,word,1693883753.479538,1090.8068800671965,552.9005082045817,94.02127418834527,2.0,0.0
0905-2-fwh,2.0,word,1693883753.5115356,1098.4952589857971,547.0284974516804,10.0,2.0,0.0
0905-2-fwh,2.0,word,1693883753.5437405,1099.5638916232454,541.1241228805106,6.082762530298219,2.0,0.0
0905-2-fwh,2.0,word,1693883753.5760655,1099.6460021244238,537.1852905571154,4.0,2.0,0.0
0905-2-fwh,2.0,word,1693883753.608076,1100.65279274333,534.2365255340716,3.1622776601683795,2.0,0.0
0905-2-fwh,2.0,word,1693883753.640082,1101.659459731896,531.2881226089814,3.1622776601683795,2.0,0.0
0905-2-fwh,2.0,word,1693883753.6720786,1101.6799490120682,530.3037186339608,1.0,2.0,0.0
0905-2-fwh,2.0,word,1693883753.688073,1091.303081785666,529.2636733623642,11.04536101718726,2.0,0.0
0905-2-fwh,2.0,word,1693883753.7192311,1080.9241436258362,528.2234205267247,11.04536101718726,2.0,0.0
0905-2-fwh,2.0,word,1693883753.7516248,1072.4135704526157,528.1777549947041,9.0,2.0,0.0
0905-2-fwh,2.0,word,1693883753.7841263,1062.9554712336312,528.1270052832631,10.0,2.0,0.0
0905-2-fwh,2.0,word,1693883753.815294,1055.4088289102876,527.10158607244,8.06225774829855,2.0,0.0
0905-2-fwh,2.0,word,1693883753.8472035,1048.8073496707618,526.0811253682215,7.071067811865476,2.0,0.0
0905-2-fwh,2.0,word,1693883753.879294,1043.1299139171442,526.0505362514481,6.0,2.0,0.0
0905-2-fwh,2.0,word,1693883753.911492,1038.4197387608883,525.0401107702774,5.0990195135927845,2.0,0.0
0905-2-fwh,2.0,word,1693883753.9434988,1033.709223172865,524.0296122597772,5.0990195135927845,2.0,0.0
0905-2-fwh,2.0,word,1693883753.9758468,1036.5701414589635,523.0600871963054,3.1622776601683795,2.0,0.0
0905-2-fwh,2.0,word,1693883753.9918451,1042.269634867693,522.1060774789605,6.082762530298219,2.0,0.0
0905-2-fwh,2.0,word,1693883754.0238488,1046.0544926444072,522.12663695557,4.0,2.0,0.0
0905-2-fwh,2.0,word,1693883754.055263,1049.8604048474838,521.1625209574503,4.123105625617661,2.0,0.0
0905-2-fwh,2.0,word,1693883754.0876007,1054.590542264874,521.188267481763,5.0,2.0,0.0
0905-2-fwh,2.0,word,1693883754.119658,1059.3413903118415,520.2294745163475,5.0990195135927845,2.0,0.0
0905-2-fwh,2.0,word,1693883754.1518614,1065.0373073522019,519.2759843646174,6.082762530298219,2.0,0.0
0905-2-fwh,2.0,word,1693883754.1838863,1069.7867089177264,518.3174696019207,5.0990195135927845,2.0,0.0
0905-2-fwh,2.0,word,1693883754.2160523,1073.5689779926709,518.338182147487,4.0,2.0,0.0
0905-2-fwh,2.0,word,1693883754.2473905,1077.350926044754,518.3588929350607,4.0,2.0,0.0
0905-2-fwh,2.0,word,1693883754.2633636,1081.1325531148445,518.3796019648657,4.0,2.0,0.0
0905-2-fwh,2.0,word,1693883754.2955103,1083.0232462944125,518.389955820675,2.0,2.0,0.0
0905-2-fwh,2.0,word,1693883754.327745,1088.694844472489,518.4210147520647,6.0,2.0,0.0
0905-2-fwh,2.0,word,1693883754.3597207,1104.7604525999648,518.5089935906391,17.0,2.0,0.0
0905-2-fwh,2.0,word,1693883754.391892,1121.7647830627284,518.6021130812289,18.0,2.0,0.0
0905-2-fwh,2.0,word,1693883754.424051,1137.8184690967007,518.6900266317712,17.0,2.0,0.0
0905-2-fwh,2.0,word,1693883754.455435,1151.0740828970158,516.7955695651423,14.142135623730953,2.0,0.0
0905-2-fwh,2.0,word,1693883754.471619,1163.3036089012899,518.8295889180614,13.152946437965904,2.0,0.0
0905-2-fwh,2.0,word,1693883754.664007,1156.77591194809,514.8601295740178,8.06225774829855,2.0,0.0
0905-2-fwh,2.0,word,1693883754.6959214,1154.8884733340965,514.8497101499509,2.0,2.0,0.0
0905-2-fwh,2.0,word,1693883754.7278914,1157.7000782146029,515.8485999383904,3.1622776601683795,2.0,0.0
0905-2-fwh,2.0,word,1693883754.7599168,1173.720761994918,516.9200881156349,17.029386365926403,2.0,0.0
0905-2-fwh,2.0,word,1693883754.7758934,1194.4701001371232,517.0341744899762,22.0,2.0,0.0
0905-2-fwh,2.0,word,1693883754.8078916,1214.285819757579,516.1603511163463,21.02379604162864,2.0,0.0
0905-2-fwh,2.0,word,1693883754.839921,1231.265783048454,515.2713437718926,18.027756377319943,2.0,0.0
0905-2-fwh,2.0,word,1693883754.8719232,1245.3773294183984,516.3316454123453,15.033296378372908,2.0,0.0
0905-2-fwh,2.0,word,1693883754.9040084,1254.7947095538768,516.3835291426004,10.0,2.0,0.0
0905-2-fwh,2.0,word,1693883754.9356525,1262.3626423138473,514.4608312020472,8.246211251235321,2.0,0.0
0905-2-fwh,2.0,word,1693883754.9679816,1268.0109632545275,514.4920746001836,6.0,2.0,0.0
0905-2-fwh,2.0,word,1693883754.9999492,1270.8348546673008,514.5076948109738,3.0,2.0,0.0
0905-2-fwh,2.0,word,1693883755.0320046,1274.5822415111593,515.510468131465,4.123105625617661,2.0,0.0
0905-2-fwh,2.0,word,1693883755.0480475,1276.4471177616472,516.5028200378028,2.23606797749979,2.0,0.0
0905-2-fwh,2.0,word,1693883755.080045,1278.3294376255128,516.5131904141352,2.0,2.0,0.0
0905-2-fwh,2.0,word,1693883755.1121652,1288.6807724499995,516.5702196362847,11.0,2.0,0.0
0905-2-fwh,2.0,word,1693883755.1432974,1304.6395303382842,518.6217318158457,17.11724276862369,2.0,0.0
0905-2-fwh,2.0,word,1693883755.175472,1318.7129686521955,520.6623664178359,15.132745950421556,2.0,0.0
0905-2-fwh,2.0,word,1693883755.2079668,1329.9957130243113,520.7240285979142,12.0,2.0,0.0
0905-2-fwh,2.0,word,1693883755.2394073,1338.4558914596678,520.7702649592967,9.0,2.0,0.0
0905-2-fwh,2.0,word,1693883755.271737,1345.0349165911891,520.806220487404,7.0,2.0,0.0
0905-2-fwh,2.0,word,1693883755.3036218,1350.673305591364,520.8370352738082,6.0,2.0,0.0
0905-2-fwh,2.0,word,1693883755.319645,1351.5967581363213,521.8234729526703,1.4142135623730951,2.0,0.0
0905-2-fwh,2.0,word,1693883755.3518765,1345.9583922094455,521.7927205783418,6.0,2.0,0.0
0905-2-fwh,2.0,word,1693883755.3840292,1343.138940849677,521.7773429273093,3.0,2.0,0.0
0905-2-fwh,2.0,word,1693883755.4151895,1341.2592071922159,521.7670906177178,2.0,2.0,0.0
0905-2-fwh,2.0,word,1693883755.447538,1340.3193105363077,521.7619643002408,1.0,2.0,0.0
0905-2-fwh,2.0,word,1693883755.4800043,1339.3793939947732,521.7568378743051,1.0,2.0,0.0
0905-2-fwh,2.0,word,1693883755.512071,1338.4394575669808,521.7517113399073,1.0,2.0,0.0
0905-2-fwh,2.0,word,1693883755.544068,1336.5595250500985,521.7414579457109,2.0,2.0,0.0
0905-2-fwh,2.0,word,1693883755.560047,1334.6795129806121,521.7312041176243,2.0,2.0,0.0
0905-2-fwh,2.0,word,1693883755.591374,1332.7994213534712,521.7209498556201,2.0,2.0,0.0
0905-2-fwh,2.0,word,1693883755.623521,1335.6195289597465,521.7363310859056,3.0,2.0,0.0
0905-2-fwh,2.0,word,1693883755.6558733,1340.3193105363077,521.7619643002408,5.0,2.0,0.0
0905-2-fwh,2.0,word,1693883755.6879165,1348.7451480311995,523.7708629256103,9.219544457292889,2.0,0.0
0905-2-fwh,2.0,word,1693883755.7194736,1358.1256525029712,524.8032351864827,10.04987562112089,2.0,0.0
0905-2-fwh,2.0,word,1693883755.7515397,1366.5810403519406,524.8490717273874,9.0,2.0,0.0
0905-2-fwh,2.0,word,1693883755.7839465,1375.0190078086694,525.8760770054652,9.055385138137416,2.0,0.0
0905-2-fwh,2.0,word,1693883755.8152964,1381.593168450372,525.9116428063999,7.0,2.0,0.0
0905-2-fwh,2.0,word,1693883755.8476667,1388.181942669988,524.9661699209138,7.071067811865476,2.0,0.0
0905-2-fwh,2.0,word,1693883755.8637717,1392.8608941354569,525.9726005028332,5.0990195135927845,2.0,0.0
0905-2-fwh,2.0,word,1693883755.8959148,1396.6007241232217,526.973890245276,4.123105625617661,2.0,0.0
0905-2-fwh,2.0,word,1693883755.9273732,1405.0337719044194,528.0004164179704,9.055385138137416,2.0,0.0
0905-2-fwh,2.0,word,1693883755.9597092,1417.2494025114559,527.0853701732588,13.038404810405298,2.0,0.0
0905-2-fwh,2.0,word,1693883755.992001,1428.5082707526724,527.1461555560859,12.0,2.0,0.0
0905-2-fwh,2.0,word,1693883756.0233471,1435.0746251430846,527.1816065762813,7.0,2.0,0.0
0905-2-fwh,2.0,word,1693883756.0557628,1420.0643873332617,527.1005679645803,16.0,2.0,0.0
0905-2-fwh,2.0,word,1693883756.0880003,1166.6905402107836,538.5223904967185,269.3139431964116,2.0,0.0
0905-2-fwh,2.0,word,1693883756.1039407,796.2813522266714,566.2347381743142,391.1521443121589,2.0,0.0
0905-2-fwh,2.0,word,1693883756.1515129,601.0526644712737,584.1139703961708,204.88289338058465,2.0,0.0
0905-2-fwh,2.0,word,1693883756.1675098,518.5188008768936,589.6825552666863,86.20904824900923,2.0,0.0
0905-2-fwh,2.0,word,1693883756.1996932,485.8853570114282,590.5243244786691,34.0147027033899,2.0,0.0
0905-2-fwh,2.0,word,1693883756.231179,471.36855330463095,594.4316350278106,15.524174696260024,2.0,0.0
0905-2-fwh,2.0,word,1693883756.263515,463.59619704670337,597.377510564243,8.54400374531753,2.0,0.0
0905-2-fwh,2.0,word,1693883756.2958064,461.739636330813,595.3812664206155,2.8284271247461903,2.0,0.0
0905-2-fwh,2.0,word,1693883756.3277743,459.9147378883339,592.3914239036944,3.605551275463989,2.0,0.0
0905-2-fwh,2.0,word,1693883756.3600073,459.0181440943971,590.3997777589851,2.23606797749979,2.0,0.0
0905-2-fwh,2.0,word,1693883756.376103,458.0583031195155,590.3953282820254,1.0,2.0,0.0
0905-2-fwh,2.0,word,1693883756.4075022,457.06677865670105,591.3844917879989,1.4142135623730951,2.0,0.0
0905-2-fwh,2.0,word,1693883756.4396758,461.86596447684485,591.4066859357304,5.0,2.0,0.0
0905-2-fwh,2.0,word,1693883756.4727092,471.4942084175585,590.4576122984595,10.04987562112089,2.0,0.0
0905-2-fwh,2.0,word,1693883756.5039985,476.29177097394535,590.4798520700622,5.0,2.0,0.0
0905-2-fwh,2.0,word,1693883756.5353286,480.1607123263336,589.5043162036831,4.123105625617661,2.0,0.0
0905-2-fwh,2.0,word,1693883756.5679882,487.8972060604182,587.5535946935325,8.246211251235321,2.0,0.0
0905-2-fwh,2.0,word,1693883756.5996485,496.5598329866706,586.6008496402239,9.055385138137416,2.0,0.0
0905-2-fwh,2.0,word,1693883756.6318622,505.18967507940886,586.6412367330083,9.0,2.0,0.0
0905-2-fwh,2.0,word,1693883756.6479452,539.7528868514366,584.817667098917,36.05551275463989,2.0,0.0
0905-2-fwh,2.0,word,1693883756.679204,614.4731402469212,583.185471763621,78.02563681252464,2.0,0.0
0905-2-fwh,2.0,word,1693883756.7118356,681.3697428384714,583.5015062094691,70.0,2.0,0.0
0905-2-fwh,2.0,word,1693883756.7440362,727.1839798259225,583.7179428660012,48.0,2.0,0.0
0905-2-fwh,2.0,word,1693883756.776029,757.7271966773052,582.8721036089306,32.01562118716424,2.0,0.0
0905-2-fwh,2.0,word,1693883756.8075702,774.9095810301544,581.9635583564016,18.027756377319943,2.0,0.0
0905-2-fwh,2.0,word,1693883756.8395653,785.3645718830988,583.0029747020604,11.04536101718726,2.0,0.0
0905-2-fwh,2.0,word,1693883756.8721094,792.959841394424,584.0286826817118,8.06225774829855,2.0,0.0
0905-2-fwh,2.0,word,1693883756.9031928,826.287449229706,584.1861297218549,35.0,2.0,0.0
0905-2-fwh,2.0,word,1693883756.9353454,889.0904011081695,583.4941469843558,66.007575322837,2.0,0.0
0905-2-fwh,2.0,word,1693883756.951663,937.540063930405,583.7235703752568,51.0,2.0,0.0
0905-2-fwh,2.0,word,1693883756.9845486,968.8618416414703,583.8718881969492,33.0,2.0,0.0
0905-2-fwh,2.0,word,1693883757.0158038,995.4206609414454,583.9976520109201,28.0,2.0,0.0
0905-2-fwh,2.0,word,1693883757.0473502,1039.0186980415917,584.2041015283263,46.0,2.0,0.0
0905-2-fwh,2.0,word,1693883757.0793762,1075.9488794748752,584.378976789731,39.0,2.0,0.0
0905-2-fwh,2.0,word,1693883757.1113636,1097.7756028462313,581.5234281623847,23.194827009486403,2.0,0.0
0905-2-fwh,2.0,word,1693883757.1433516,1109.14682816265,580.5915421998756,12.041594578792296,2.0,0.0
0905-2-fwh,2.0,word,1693883757.1758182,1116.7123227680793,580.6277020484573,8.0,2.0,0.0
0905-2-fwh,2.0,word,1693883757.1919286,1122.4057510066723,579.6689842357783,6.082762530298219,2.0,0.0
0905-2-fwh,2.0,word,1693883757.22324,1104.3972816586793,581.5550036725043,19.1049731745428,2.0,0.0
0905-2-fwh,2.0,word,1693883757.2555532,1093.0245741626775,582.4870940063269,12.041594578792296,2.0,0.0
0905-2-fwh,2.0,word,1693883757.2876525,1077.8837433955964,582.4150624858247,16.0,2.0,0.0
0905-2-fwh,2.0,word,1693883757.3192203,1053.2475757702812,583.2846519866882,26.019223662515376,2.0,0.0
0905-2-fwh,2.0,word,1693883757.3514369,1028.6187219237422,583.1677544644211,26.0,2.0,0.0
0905-2-fwh,2.0,word,1693883757.383422,1005.9166201820708,581.0853981221406,24.08318915758459,2.0,0.0
0905-2-fwh,2.0,word,1693883757.527414,857.1311749858409,644.7253627491929,168.0773631397161,2.0,0.0
0905-2-fwh,2.0,word,1693883757.5594823,866.651923142412,644.7639044404525,10.0,2.0,0.0
0905-2-fwh,2.0,word,1693883757.591591,877.2443895192647,639.8529736166237,12.083045973594572,2.0,0.0
0905-2-fwh,2.0,word,1693883757.6236825,896.3699535221712,635.9698545308148,20.396078054371134,2.0,0.0
0905-2-fwh,2.0,word,1693883757.6560388,1026.8761839290949,576.2505717108753,149.05368160498418,2.0,0.0
0905-2-fwh,2.0,word,1693883757.6880033,1037.3617637296318,573.3410332542386,11.40175425099138,2.0,0.0
0905-2-fwh,2.0,word,1693883757.7192218,1047.7795395273363,573.3916329396902,11.0,2.0,0.0
0905-2-fwh,2.0,word,1693883757.7361095,1055.3545746543805,573.4284252840598,8.0,2.0,0.0
0905-2-fwh,2.0,word,1693883757.7674315,1062.0240449703674,571.4881171158497,7.280109889280518,2.0,0.0
0905-2-fwh,2.0,word,1693883757.9279346,1083.1156322180273,558.7747101074414,25.55386467836128,2.0,0.0
0905-2-fwh,2.0,word,1693883757.9439404,1096.9540979275814,530.278465385018,32.202484376209235,2.0,0.0
0905-2-fwh,2.0,word,1693883757.9752734,1088.8883799654589,464.33833905038756,67.7421582177598,2.0,0.0
0905-2-fwh,2.0,word,1693883758.0075,1132.380145720254,414.5655704002312,68.01470429252781,2.0,0.0
0905-2-fwh,2.0,word,1693883758.0396817,1136.6665267177634,389.1187713007615,26.30589287593181,2.0,0.0
0905-2-fwh,2.0,word,1693883758.071766,1138.9665505241383,368.57515987802856,21.095023109728988,2.0,0.0
0905-2-fwh,2.0,word,1693883758.103948,1141.1660959610429,352.9365278132556,16.1245154965971,2.0,0.0
0905-2-fwh,2.0,word,1693883758.1352873,1143.2855193984994,341.21704229911694,12.16552506059644,2.0,0.0
0905-2-fwh,2.0,word,1693883758.1676698,1145.3449774725998,332.43442714738353,9.219544457292889,2.0,0.0
0905-2-fwh,2.0,word,1693883758.2000632,1145.4826768446783,325.5944142340496,7.0,2.0,0.0
0905-2-fwh,2.0,word,1693883758.2313168,1146.5414796127584,319.74008564280274,6.082762530298219,2.0,0.0
0905-2-fwh,2.0,word,1693883758.2635555,1145.6400077564545,317.77923358382833,2.23606797749979,2.0,0.0
0905-2-fwh,2.0,word,1693883758.279742,1145.6793338531045,315.8257678210058,2.0,2.0,0.0
0905-2-fwh,2.0,word,1693883758.311852,1144.7779332269042,313.8651179097794,2.23606797749979,2.0,0.0
0905-2-fwh,2.0,word,1693883758.3449152,1138.8760589147712,326.5211738111703,14.317821063276352,2.0,0.0
0905-2-fwh,2.0,word,1693883758.3759794,1116.8979498345861,388.00215764528633,66.73080248281148,2.0,0.0
0905-2-fwh,2.0,word,1693883758.4084268,1089.6053021780801,475.1514198874944,93.00537618869136,2.0,0.0
0905-2-fwh,2.0,word,1693883758.4395812,1065.5398090356803,539.9612054090373,70.22819946431775,2.0,0.0
0905-2-fwh,2.0,word,1693883758.4712992,1051.4176451501037,580.3156212422442,43.32435804486894,2.0,0.0
0905-2-fwh,2.0,word,1693883758.5034492,1045.21988609728,603.9787233317115,24.73863375370596,2.0,0.0
0905-2-fwh,2.0,word,1693883758.535722,1040.2448298995455,614.8223949455887,12.083045973594572,2.0,0.0
0905-2-fwh,2.0,word,1693883758.551746,1039.1674746025672,620.7463990691548,6.082762530298219,2.0,0.0
0905-2-fwh,2.0,word,1693883758.5837438,1038.1763361426927,622.7186436523706,2.23606797749979,2.0,0.0
0905-2-fwh,2.0,word,1693883758.6160014,1037.2067400628612,623.7027974162604,1.4142135623730951,2.0,0.0
0905-2-fwh,2.0,word,1693883758.647975,1037.2067400628612,623.7027974162604,0.0,2.0,0.0
0905-2-fwh,2.0,word,1693883758.679189,1041.0848032651372,619.7665082990578,5.656854249492381,2.0,0.0
0905-2-fwh,2.0,word,1693883758.7117407,1043.0880947990627,614.8348823218208,5.385164807134504,2.0,0.0
0905-2-fwh,2.0,word,1693883758.7439337,1043.1096203401078,613.8470135913308,1.0,2.0,0.0
0905-2-fwh,2.0,word,1693883758.7760603,1044.078827203473,612.8633615212665,1.4142135623730951,2.0,0.0
0905-2-fwh,2.0,word,1693883758.8080575,1044.1003349786376,611.8755702532187,1.0,2.0,0.0
0905-2-fwh,2.0,word,1693883758.8396783,1044.1003349786376,611.8755702532187,0.0,2.0,0.0
0905-2-fwh,2.0,word,1693883758.8557172,1045.0909613321833,609.9043025952042,2.23606797749979,2.0,0.0
0905-2-fwh,2.0,word,1693883758.9838583,988.6306894480647,632.3955722012861,63.324560795950255,2.0,0.0
0905-2-fwh,2.0,word,1693883759.0160666,949.7659644665606,588.7218244953572,60.8276253029822,2.0,0.0
0905-2-fwh,2.0,word,1693883759.047444,905.2569001312736,504.59771311399174,98.11218069128827,2.0,0.0
0905-2-fwh,2.0,word,1693883759.079339,870.9689994466052,432.4983899107835,82.29823813423954,2.0,0.0
0905-2-fwh,2.0,word,1693883759.0954578,849.3898518370061,385.16258001484925,53.66563145999496,2.0,0.0
0905-2-fwh,2.0,word,1693883759.1273472,836.7631869405393,359.5375463386747,29.5296461204668,2.0,0.0
0905-2-fwh,2.0,word,1693883759.1598203,830.477695376874,345.7494154026084,15.652475842498529,2.0,0.0
0905-2-fwh,2.0,word,1693883759.1919036,787.2643948452054,329.7243391433566,48.70318264754368,2.0,0.0
0905-2-fwh,2.0,word,1693883759.2233913,730.8477203924507,309.66471799430263,63.24555320336759,2.0,0.0
0905-2-fwh,2.0,word,1693883759.2558188,696.0041711604769,298.5967758285441,38.60051813123757,2.0,0.0
0905-2-fwh,2.0,word,1693883759.2880208,676.1595324937736,294.51391286056224,21.37755832643195,2.0,0.0
0905-2-fwh,2.0,word,1693883759.3194952,663.8583708693283,292.45305504584263,13.152946437965904,2.0,0.0
0905-2-fwh,2.0,word,1693883759.35156,657.2034090437608,292.39998667973396,7.0,2.0,0.0
0905-2-fwh,2.0,word,1693883759.3675933,652.4492591021414,292.36207587329363,5.0,2.0,0.0
0905-2-fwh,2.0,word,1693883759.3995683,650.5474577556945,292.34691042339864,2.0,2.0,0.0
0905-2-fwh,2.0,word,1693883759.4315684,648.6455756187839,292.3317443292598,2.0,2.0,0.0
0905-2-fwh,2.0,word,1693883759.463568,647.6946042522958,292.32416104058603,1.0,2.0,0.0
0905-2-fwh,2.0,word,1693883759.495844,645.8208389552118,291.32755292493,2.23606797749979,2.0,0.0
0905-2-fwh,2.0,word,1693883759.5279956,644.8698234065083,291.31995885812375,1.0,2.0,0.0
0905-2-fwh,2.0,word,1693883759.5591824,655.3579564787308,290.42217986386595,11.04536101718726,2.0,0.0
0905-2-fwh,2.0,word,1693883759.5920942,719.0963185427595,287.9895481921671,67.06713054842886,2.0,0.0
0905-2-fwh,2.0,word,1693883759.623575,831.0840064111129,284.97101098479834,118.06777714516352,2.0,0.0
0905-2-fwh,2.0,word,1693883759.6397417,921.0241218538464,282.7621179841272,95.0473566176356,2.0,0.0
0905-2-fwh,2.0,word,1693883759.6719482,976.7891654207932,281.2588748130808,59.033888572581766,2.0,0.0
0905-2-fwh,2.0,word,1693883759.7032874,1010.7524666487794,281.5349183984855,36.0,2.0,0.0
0905-2-fwh,2.0,word,1693883759.7355402,1029.6314307652842,280.71135747046446,20.024984394500787,2.0,0.0
0905-2-fwh,2.0,word,1693883759.76801,1042.826591135345,280.81874838831897,14.0,2.0,0.0
0905-2-fwh,2.0,word,1693883759.8000343,1051.328395287064,279.91120839254313,9.055385138137416,2.0,0.0
0905-2-fwh,2.0,word,1693883759.831592,1056.9810962176166,279.95727573954207,6.0,2.0,0.0
0905-2-fwh,2.0,word,1693883759.8637342,1059.7860596358598,280.95677572845847,3.1622776601683795,2.0,0.0
0905-2-fwh,2.0,word,1693883759.896089,1062.590939800424,281.9562460513726,3.1622776601683795,2.0,0.0
0905-2-fwh,2.0,word,1693883759.912063,1064.4538005532502,282.94804125515554,2.23606797749979,2.0,0.0
0905-2-fwh,2.0,word,1693883759.94351,1065.3957367150151,282.955686709605,1.0,2.0,0.0
0905-2-fwh,2.0,word,1693883759.9756014,1065.416759690236,281.9792134728507,1.0,2.0,0.0
0905-2-fwh,2.0,word,1693883760.0078597,1066.3796659939933,281.01043884576154,1.4142135623730951,2.0,0.0
0905-2-fwh,2.0,word,1693883760.039867,1066.3796659939933,281.01043884576154,0.0,2.0,0.0
0905-2-fwh,2.0,word,1693883760.0718966,1079.5639525112854,281.1177412650303,14.0,2.0,0.0
0905-2-fwh,2.0,word,1693883760.1038966,1127.5794155061224,280.5326249950846,51.0098029794274,2.0,0.0
0905-2-fwh,2.0,word,1693883760.1352825,1182.1368694268224,279.02674470625936,58.034472514187634,2.0,0.0
0905-2-fwh,2.0,word,1693883760.1672018,1224.4256136160902,277.4228621985405,45.044422518220834,2.0,0.0
0905-2-fwh,2.0,word,1693883760.1841252,1252.5882897885915,276.6792454935543,30.01666203960727,2.0,0.0
0905-2-fwh,2.0,word,1693883760.2152991,1271.3238052108986,277.80711984207204,20.024984394500787,2.0,0.0
0905-2-fwh,2.0,word,1693883760.24785,1284.446439751965,277.9146393956882,14.0,2.0,0.0
0905-2-fwh,2.0,word,1693883760.279189,1299.4219648686912,279.0112257777367,16.0312195418814,2.0,0.0
0905-2-fwh,2.0,word,1693883760.311304,1327.486753067657,281.188118271897,30.066592756745816,2.0,0.0
0905-2-fwh,2.0,word,1693883760.3437696,1350.872738603429,282.35238003325554,25.019992006393608,2.0,0.0
0905-2-fwh,2.0,word,1693883760.3759787,1366.7635396198389,283.4551609251195,17.029386365926403,2.0,0.0
0905-2-fwh,2.0,word,1693883760.3919916,1346.1769812620028,283.2876139355029,22.0,2.0,0.0
0905-2-fwh,2.0,word,1693883760.4242914,1264.6905528364102,281.65002823619005,87.00574693662483,2.0,0.0
0905-2-fwh,2.0,word,1693883760.4554963,991.8648776947964,282.3588555695627,290.0155168262553,2.0,0.0
0905-2-fwh,2.0,word,1693883760.4879875,787.6062981477318,280.7009410215907,216.0,2.0,0.0
0905-2-fwh,2.0,word,1693883760.5200994,684.1482425175121,280.8420529634025,109.00458705944445,2.0,0.0
0905-2-fwh,2.0,word,1693883760.5520566,635.6995057409831,279.4679525144476,51.0098029794274,2.0,0.0
0905-2-fwh,2.0,word,1693883760.5834346,610.9082108855082,281.2300747063102,26.0768096208106,2.0,0.0
0905-2-fwh,2.0,word,1693883760.6156807,599.4296204089409,283.10088649016734,12.16552506059644,2.0,0.0
0905-2-fwh,2.0,word,1693883760.6477551,591.8140576456026,283.03940675429914,8.0,2.0,0.0
0905-2-fwh,2.0,word,1693883760.6799908,587.9473239653903,284.9723022825669,4.47213595499958,2.0,0.0
0905-2-fwh,2.0,word,1693883760.6960278,586.0137354955726,285.93886083454214,2.23606797749979,2.0,0.0
0905-2-fwh,2.0,word,1693883760.727203,585.0908125848738,284.9493045448413,1.4142135623730951,2.0,0.0
